81.472,16.888,1
90.579,74.517,1
12.699,47.713,1
91.338,65.344,1
63.236,96.658,1
9.754,31.303,1
27.85,7.6439,1
54.688,79.142,1
95.751,36.538,1
96.489,58.51,1
15.761,18.334,1
97.059,7.6919,1
95.717,15.366,1
48.538,82.688,1
80.028,30.096,1
14.189,38.388,1
42.176,65.075,1
91.574,81.737,1
79.221,76.627,1
95.949,37.418,1
65.574,18.986,1
3.5712,64.65,1
84.913,0.36053,1
93.399,28.289,1
67.874,63.86,1
75.774,59.207,1
74.313,32.529,1
39.223,98.895,1
65.548,12.324,1
17.119,73.588,1
70.605,15.662,1
3.1833,43.465,1
27.692,83.224,1
4.6171,35.991,1
9.7132,7.6238,1
82.346,55.693,1
69.483,27.393,1
31.71,13.205,1
95.022,69.965,1
3.4446,48.59,1
43.874,18.272,1
38.156,10.121,1
76.552,20.158,1
79.52,13.475,1
18.687,32.379,1
48.976,95.055,1
44.559,53.213,1
64.631,24.769,1
70.936,43.728,1
75.469,66.909,1
27.603,54.77,1
67.97,60.905,1
65.51,86.313,1
16.261,38.07,1
11.9,74.896,1
49.836,15.67,1
95.974,5.8124,1
34.039,33.971,1
58.527,81.718,1
22.381,37.755,1
75.127,97.26,1
25.51,60.532,1
50.596,33.824,1
69.908,92.798,1
89.09,89.842,1
95.929,85.071,1
54.722,25.679,1
13.862,28.55,1
14.929,77.995,1
25.751,70.14,1
84.072,49.251,1
25.428,96.767,1
81.428,47.616,1
24.352,99.491,1
92.926,49.058,1
34.998,50.345,1
19.66,76.877,1
25.108,38.808,1
61.604,45.326,1
47.329,13.285,1
35.166,75.851,1
83.083,56.524,1
58.526,64.864,1
54.972,79.806,1
91.719,22.045,1
28.584,85.789,1
75.72,90.473,1
75.373,29.202,1
38.045,72.587,1
56.782,33.945,1
7.5854,27.268,1
5.395,17.027,1
53.08,66.402,1
77.917,53.585,1
93.401,82.911,1
12.991,26.736,1
56.882,17.616,1
46.939,43.119,1
1.1902,47.566,1
33.712,78.522,1
16.218,13.065,1
79.428,5.1356,1
31.122,62.751,1
52.853,2.9088,1
16.565,13.619,1
60.198,69.456,1
26.297,51.568,1
65.408,54.258,1
68.921,80.848,1
74.815,79.369,1
45.054,50.187,1
8.3821,27.663,1
22.898,11.966,1
91.334,88.66,1
15.238,97.029,1
82.582,94.253,1
53.834,63.813,1
99.613,9.059,1
7.8176,7.4708,1
44.268,18.245,1
10.665,3.1688,1
96.19,72.494,1
0.46342,14.416,1
77.491,63.593,1
81.73,78.985,1
86.869,56.625,1
8.4436,37.741,1
39.978,82.159,1
25.987,30.488,1
80.007,31.937,1
43.141,78.498,1
91.065,50.374,1
18.185,26.1,1
26.38,73.248,1
14.554,16.295,1
13.607,92.108,1
86.929,22.222,1
57.97,8.3609,1
54.986,7.3702,1
14.495,76.955,1
85.303,81.768,1
62.206,74.043,1
35.095,75.825,1
51.325,96.119,1
40.181,46.642,1
7.5967,78.7,1
23.992,42.257,1
12.332,94.373,1
18.391,0.13144,1
23.995,98.127,1
41.727,57.019,1
4.9654,34.647,1
90.272,55.75,1
94.479,29.978,1
49.086,15.907,1
48.925,66.526,1
33.772,68.42,1
90.005,79.241,1
36.925,34.862,1
11.12,25.007,1
78.025,34.5,1
38.974,32.863,1
24.169,92.749,1
40.391,75.607,1
9.6455,28.824,1
13.197,60.618,1
94.205,76.603,1
95.613,84.615,1
57.521,90.198,1
5.978,59.571,1
23.478,6.8536,1
35.316,21.804,1
82.119,86.941,1
1.5403,41.422,1
4.3024,66.121,1
16.899,78.348,1
64.912,24.789,1
73.172,55.443,1
64.775,22.959,1
45.092,0.69128,1
54.701,76.664,1
29.632,2.1833,1
74.469,39.31,1
18.896,25.254,1
68.678,20.422,1
18.351,66.228,1
36.848,91.474,1
62.562,0.69025,1
78.023,74.642,1
8.1126,79.967,1
92.939,90.78,1
77.571,97.457,1
48.679,11.986,1
43.586,51.897,1
44.678,82.197,1
30.635,63.702,1
50.851,95.391,1
51.077,94.693,1
81.763,96.661,1
79.483,6.7344,1
64.432,43.753,1
37.861,32.084,1
81.158,13.405,1
53.283,13.459,1
35.073,80.595,1
93.9,52.476,1
87.594,94.426,1
55.016,98.834,1
62.248,40.989,1
58.704,37.119,1
20.774,22.685,1
30.125,44.603,1
47.092,26.622,1
23.049,45.91,1
84.431,43.291,1
19.476,25.962,1
22.592,13.371,1
17.071,41.923,1
22.766,50.686,1
43.57,32.432,1
31.11,68.469,1
92.338,44.309,1
43.021,43.566,1
18.482,79.302,1
90.488,81.556,1
97.975,75.211,1
43.887,78.926,1
11.112,50.127,1
25.806,55.518,1
40.872,63.075,1
59.49,9.7989,1
26.221,24.568,1
60.284,61.573,1
71.122,30.496,1
22.175,76.697,1
11.742,26.723,1
29.668,3.9506,1
31.878,29.656,1
42.417,55.636,1
50.786,96.907,1
8.5516,68.912,1
26.248,71.788,1
80.101,55.903,1
2.922,53.335,1
92.885,87.572,1
73.033,39.31,1
48.861,45.807,1
57.853,20.825,1
23.728,75.727,1
45.885,54.669,1
96.309,35.739,1
54.681,70.1,1
52.114,10.922,1
23.159,0.66108,1
48.89,59.73,1
62.406,65.918,1
67.914,58.001,1
39.552,90.995,1
36.744,63.601,1
98.798,52.556,1
3.7739,25.962,1
88.517,5.1171,1
91.329,73.195,1
79.618,16.429,1
9.8712,28.04,1
26.187,25.943,1
33.536,54.71,1
67.973,54.127,1
13.655,78.811,1
72.123,86.961,1
10.676,78.754,1
65.376,96.943,1
49.417,18.047,1
77.905,93.06,1
71.504,4.5152,1
90.372,24.065,1
89.092,0.8855,1
33.416,67.159,1
69.875,90.481,1
19.781,57.242,1
3.0541,15.546,1
74.407,50.237,1
50.002,56.773,1
47.992,18.827,1
90.472,32.42,1
60.987,71.604,1
61.767,55.293,1
85.944,14.228,1
80.549,38.036,1
57.672,39.657,1
18.292,57.674,1
23.993,1.9402,1
88.651,57.758,1
2.8674,93.22,1
48.99,10.687,1
16.793,73.215,1
97.868,97.052,1
71.269,60.889,1
50.047,71.967,1
47.109,30.275,1
5.9619,45.902,1
68.197,4.8029,1
4.2431,38.535,1
7.1445,36.172,1
52.165,28.758,1
9.673,81.671,1
81.815,45.053,1
81.755,80.663,1
72.244,79.017,1
14.987,28.296,1
65.961,6.8309,1
51.859,5.4931,1
97.297,63.752,1
64.899,42.429,1
80.033,90.553,1
45.38,41.732,1
43.239,15.406,1
82.531,54,1
8.347,93.709,1
13.317,66.096,1
17.339,39.466,1
39.094,25.899,1
83.138,84.791,1
80.336,94.506,1
6.0471,37.7,1
39.926,6.728,1
52.688,18.158,1
41.68,57.575,1
65.686,18.589,1
62.797,29.145,1
29.198,46.166,1
43.165,34.698,1
1.5487,31.817,1
98.406,45.991,1
16.717,23.589,1
10.622,2.7752,1
37.241,65.845,1
19.812,15.88,1
48.969,80.266,1
33.949,40.858,1
95.163,32.739,1
92.033,74.601,1
5.2677,74.635,1
73.786,17.395,1
26.912,11.754,1
42.284,17.404,1
54.787,62.741,1
94.274,84.189,1
41.774,51.008,1
98.305,16.576,1
30.145,71.431,1
70.11,90.704,1
66.634,21.854,1
53.913,87.096,1
69.811,21.184,1
66.653,83.666,1
17.813,85.93,1
12.801,52.338,1
99.908,47.736,1
17.112,88.988,1
3.2601,6.5076,1
56.12,50.946,1
88.187,62.08,1
66.918,73.357,1
19.043,23,1
36.892,2.1872,1
46.073,13.899,1
98.164,76.951,1
15.64,96.977,1
85.552,38.679,1
64.476,99.343,1
37.627,32.639,1
19.092,13.716,1
42.825,38.475,1
48.202,56.264,1
12.061,63.384,1
58.951,54.161,1
22.619,31.499,1
38.462,15.933,1
58.299,15.262,1
25.181,13.695,1
29.044,70.98,1
61.709,46.486,1
26.528,11.327,1
82.438,70.088,1
98.266,17.999,1
73.025,80.367,1
34.388,51.396,1
58.407,54.844,1
10.777,20.784,1
90.631,78.459,1
87.965,52.649,1
81.776,57.102,1
26.073,42.204,1
59.436,72.116,1
2.2513,7.3138,1
42.526,59.486,1
31.272,86.198,1
16.148,44.88,1
17.877,65.258,1
42.289,30.347,1
9.4229,60.744,1
59.852,27.89,1
47.092,79.956,1
69.595,79.617,1
69.989,95.409,1
63.853,44.434,1
3.3604,45.688,1
6.8806,59.982,1
31.96,84.262,1
53.086,3.12,1
65.445,18.727,1
40.762,94.359,1
81.998,94.792,1
71.836,45.298,1
96.865,81.083,1
53.133,92.888,1
32.515,67.272,1
10.563,37.233,1
61.096,40.57,1
77.88,43.882,1
42.345,67.865,1
9.0823,46.507,1
26.647,95.326,1
15.366,35.47,1
28.101,33.902,1
44.009,89.586,1
52.714,54.543,1
45.742,74.928,1
87.537,12.488,1
51.805,45.323,1
94.362,7.4749,1
63.771,66.334,1
95.769,70.365,1
24.071,91.895,1
67.612,66.007,1
28.906,69.01,1
67.181,85.372,1
69.514,46.79,1
6.7993,45.848,1
25.479,80.61,1
22.404,82.477,1
66.783,19.044,1
84.439,2.5673,1
34.446,5.6815,1
78.052,14.294,1
67.533,17.142,1
0.67153,62.584,1
60.217,2.9515,1
38.677,47.233,1
91.599,67.844,1
0.11511,11.479,1
46.245,23.606,1
42.435,28.908,1
46.092,17.276,1
77.016,32.371,1
32.247,80.111,1
78.474,29.963,1
47.136,77.563,1
3.5763,55.277,1
17.587,55.469,1
72.176,73.065,1
47.349,77.362,1
15.272,90.085,1
34.112,13.817,1
60.739,79.408,1
19.175,18.941,1
73.843,2.8974,1
24.285,12.739,1
91.742,13.374,1
26.906,12.831,1
76.55,93.526,1
18.866,27.323,1
28.75,94.268,1
9.1113,63.815,1
57.621,87.253,1
68.336,36.707,1
54.659,23.62,1
42.573,18.732,1
64.444,54.565,1
64.762,25.512,1
67.902,30.582,1
63.579,1.5549,1
94.517,58.749,1
20.893,96.256,1
70.928,84.985,1
23.623,0.79403,1
11.94,63.403,1
60.73,35.929,1
45.014,11.406,1
45.873,54.082,1
66.194,41.642,1
77.029,51.71,1
35.022,88.612,1
66.201,14.94,1
41.616,43.468,1
84.193,5.9039,1
83.292,38.103,1
25.644,72.237,1
61.346,9.5119,1
58.225,66.719,1
54.074,29.64,1
86.994,59.856,1
26.478,15.185,1
31.807,43.638,1
11.921,1.2682,1
93.983,22.902,1
64.555,26.368,1
47.946,51.139,1
63.932,21.508,1
54.472,34.611,1
64.731,74.782,1
54.389,41.362,1
72.105,5.5753,1
52.25,39.003,1
99.37,47.448,1
21.868,82.532,1
10.58,30.364,1
10.97,82.179,1
6.3591,56.568,1
40.458,5.4382,1
44.837,26.001,1
36.582,58.91,1
76.35,47.973,1
62.79,19.865,1
77.198,23.901,1
93.285,78.019,1
97.274,61.731,1
19.203,14.413,1
13.887,71.613,1
69.627,40.151,1
9.382,46.239,1
52.54,70.728,1
53.034,40.121,1
86.114,1.4385,1
48.485,7.464,1
39.346,59.107,1
67.143,44.6,1
74.126,92.662,1
52.005,9.4893,1
34.771,37.542,1
15,54.6,1
58.609,11.168,1
26.215,90.446,1
4.4454,63.328,1
75.493,90.541,1
24.279,63.055,1
44.24,1.4228,1
68.78,31.648,1
35.923,11.187,1
73.634,62.946,1
39.471,6.0709,1
68.342,67.399,1
70.405,47.744,1
44.231,30.555,1
1.9578,51.633,1
33.086,70.703,1
42.431,81.361,1
27.027,31.581,1
19.705,31.13,1
82.172,34.498,1
42.992,66.63,1
88.777,86.107,1
39.118,76.178,1
76.911,87.584,1
39.679,87.124,1
80.851,17.279,1
75.508,85.022,1
37.74,95.959,1
21.602,77.021,1
79.041,87.502,1
94.93,6.7413,1
32.757,64.679,1
67.126,32.41,1
43.864,64.035,1
83.35,87.975,1
76.885,37.364,1
16.725,76.674,1
86.198,16.809,1
98.987,51.972,1
51.442,62.746,1
88.428,71.391,1
58.803,30.64,1
15.475,26.369,1
19.986,91.6,1
40.695,61.503,1
74.871,9.3175,1
82.558,62.77,1
78.996,19.203,1
31.852,77.696,1
53.406,86.45,1
8.9951,33.358,1
11.171,13.541,1
13.629,76.547,1
67.865,31.861,1
49.518,25.238,1
18.971,20.007,1
49.501,6.901,1
14.761,55.191,1
5.4974,40.381,1
85.071,75.012,1
56.056,48.718,1
92.961,38.479,1
69.667,6.1409,1
58.279,21.369,1
81.54,54.387,1
87.901,41.064,1
98.891,90.096,1
0.052238,5.629,1
86.544,44.351,1
61.257,53.781,1
98.995,13.406,1
52.768,54.095,1
47.952,85.737,1
80.135,19.802,1
22.784,15.561,1
49.809,6.1378,1
90.085,66.107,1
57.466,1.8603,1
84.518,29.11,1
73.864,97.382,1
58.599,76.464,1
24.673,24.368,1
66.642,68.212,1
8.3483,13.785,1
62.596,62.981,1
66.094,85.701,1
72.975,89.98,1
89.075,34.837,1
98.23,48.631,1
76.903,67.952,1
58.145,70.412,1
92.831,46.088,1
58.009,36.427,1
1.6983,28.027,1
12.086,7.6204,1
86.271,44.462,1
48.43,16.571,1
84.486,39.875,1
20.941,92.058,1
55.229,51.133,1
62.988,91.414,1
3.1991,9.1934,1
61.471,99.304,1
36.241,9.6434,1
4.9533,31.315,1
48.957,78.538,1
19.251,60.24,1
12.308,46.591,1
20.549,29.813,1
14.651,13.317,1
18.907,29.501,1
4.2652,16.663,1
63.52,31.71,1
28.187,10.984,1
53.86,83.209,1
69.516,97.159,1
49.912,21.827,1
53.58,70.608,1
44.518,3.9014,1
12.393,61.63,1
49.036,66.936,1
85.3,3.7202,1
87.393,0.33346,1
27.029,14.246,1
20.846,86.241,1
56.498,27.604,1
64.031,53.169,1
41.703,52.222,1
20.598,56.762,1
94.793,33.303,1
8.2071,41.342,1
10.571,41.435,1
14.204,98.392,1
16.646,5.7739,1
62.096,39.654,1
57.371,79.132,1
5.2078,59.419,1
93.12,30.956,1
72.866,90.18,1
73.784,9.3127,1
6.3405,31.903,1
86.044,88.696,1
93.441,65.743,1
98.44,68.452,1
85.894,47.395,1
78.556,14.124,1
51.338,95.092,1
17.76,88.263,1
39.859,43.744,1
13.393,83.496,1
3.089,32.514,1
93.914,36.764,1
30.131,79.484,1
29.553,9.9309,1
33.294,95.178,1
46.707,0.14739,1
64.82,29.54,1
2.5228,4.8455,1
84.221,44.274,1
55.903,78.985,1
85.41,91.352,1
34.788,53.325,1
44.603,80.408,1
5.4239,56.266,1
17.711,75.088,1
66.281,0.92304,1
33.083,47.678,1
89.849,25.033,1
11.816,30.792,1
98.842,96.695,1
53.998,20.88,1
70.692,52.048,1
99.949,22.555,1
28.785,56.72,1
41.452,99.816,1
46.484,13.187,1
76.396,95.468,1
81.82,12.388,1
10.022,18.624,1
17.812,64.65,1
35.963,12.817,1
5.6705,8.1321,1
52.189,65.923,1
33.585,2.7399,1
17.567,98.518,1
20.895,53.933,1
90.515,37.383,1
67.539,70.673,1
46.847,94.741,1
91.213,38.228,1
10.401,69.291,1
74.555,60.207,1
73.627,77.526,1
56.186,59.183,1
18.419,37.618,1
59.721,85.065,1
29.994,22.574,1
13.412,79.696,1
21.26,99.688,1
89.494,28.131,1
7.1453,71.038,1
24.249,66.464,1
5.3754,41.484,1
44.172,49.827,1
1.3283,94.912,1
89.719,95.318,1
19.666,73.292,1
9.3371,38.468,1
30.737,4.0083,1
45.606,58.293,1
10.167,56.471,1
99.539,35.518,1
33.209,88.02,1
29.735,62.453,1
6.2045,62.402,1
29.824,29.574,1
4.6351,7.468,1
50.543,29.371,1
76.143,23.474,1
63.107,34.59,1
8.9892,84.849,1
8.0862,16.036,1
77.724,15.786,1
90.513,50.866,1
53.377,60.33,1
10.915,16.14,1
82.581,63.545,1
33.81,84.394,1
29.397,78.227,1
74.631,26.457,1
1.0337,31.47,1
4.8447,18.32,1
66.792,44.747,1
60.347,32.668,1
52.61,27.982,1
72.971,93.176,1
70.725,39.969,1
78.138,37.942,1
28.798,59.285,1
69.253,6.8507,1
55.667,20.524,1
39.652,72.362,1
6.1591,57.515,1
78.018,20.023,1
33.758,84.348,1
60.787,42.373,1
74.125,54.475,1
10.481,52.797,1
12.789,18.511,1
54.954,8.169,1
48.523,46.409,1
89.048,3.0555,1
79.896,43.498,1
73.434,55.786,1
5.1332,63.878,1
7.2885,3.4217,1
8.8527,70.99,1
79.835,16.932,1
94.301,59.338,1
68.372,60.806,1
13.208,77.236,1
72.272,5.6274,1
11.035,85.473,1
11.749,38.428,1
64.072,39.962,1
32.881,32.542,1
65.381,55.539,1
74.913,29.542,1
58.319,36.612,1
74.003,34.905,1
23.483,63.022,1
73.496,66.444,1
97.06,99.21,1
86.693,94.436,1
8.6235,35.035,1
36.644,19.3,1
36.92,91.958,1
68.503,28.869,1
59.794,55.086,1
78.936,91.932,1
36.765,9.0049,1
20.603,25.77,1
8.6667,42.705,1
77.193,57.772,1
20.567,89.952,1
38.827,21.823,1
55.178,96.703,1
22.895,43.398,1
64.194,78.482,1
48.448,52.523,1
15.185,33.128,1
78.193,43.159,1
10.061,71.79,1
29.407,91.621,1
23.737,89.003,1
53.087,13.471,1
9.1499,11.991,1
40.532,89.345,1
10.485,65.309,1
11.228,4.0278,1
78.443,50.472,1
29.157,89.445,1
60.353,38.573,1
96.442,29.205,1
43.248,23.404,1
69.475,20.095,1
75.81,38.031,1
43.264,59.479,1
65.55,26.839,1
10.976,62.244,1
93.376,80.457,1
18.746,10.397,1
26.618,72.924,1
79.783,64.859,1
48.76,47.465,1
76.896,93.291,1
39.601,9.6444,1
27.294,59.911,1
3.7235,23.356,1
67.329,3.2328,1
42.956,57.986,1
45.174,84.22,1
60.986,55.69,1
5.9403,83.988,1
31.581,20.495,1
77.272,62.125,1
69.643,17.402,1
12.533,28.954,1
13.015,1.8503,1
9.2352,70.15,1
0.78203,95.209,1
42.311,74.901,1
65.557,75.673,1
72.292,54.209,1
53.121,28.206,1
10.882,24.487,1
63.177,28.632,1
12.65,96.313,1
13.43,23.07,1
9.8594,53.732,1
14.203,20.501,1
16.825,43.404,1
19.625,14.221,1
31.748,37.558,1
31.643,79.356,1
21.756,81.282,1
25.104,90.379,1
89.292,54.038,1
70.322,81.786,1
55.574,70.842,1
18.443,4.3209,1
21.203,14.595,1
7.7347,23.334,1
91.38,24.67,1
70.672,17.028,1
55.779,23.506,1
31.343,27.546,1
16.62,95.161,1
62.25,34.667,1
98.793,29.732,1
17.043,40.443,1
25.779,30.224,1
39.68,75.731,1
7.3995,35.974,1
68.41,12.49,1
40.239,61.718,1
98.284,35.552,1
40.218,36.294,1
62.067,6.8488,1
15.437,86.716,1
38.135,45.79,1
16.113,7.7615,1
75.811,90.492,1
87.111,28.17,1
35.078,61.388,1
68.554,66.186,1
29.415,20.002,1
53.063,95.999,1
83.242,66.511,1
59.749,54.13,1
33.531,86.897,1
29.923,55.705,1
45.259,2.1398,1
42.265,48.268,1
35.961,80.799,1
55.832,73.601,1
74.255,57.23,1
42.433,0.89849,1
42.936,71.828,1
12.487,44.943,1
2.4434,65.962,1
29.019,75.321,1
31.752,80.474,1
65.369,2.9156,1
95.694,77.982,1
93.573,56.735,1
45.789,7.6117,1
24.048,25.162,1
76.39,13.345,1
75.933,56.447,1
74.065,54.098,1
74.369,6.8921,1
10.592,98.843,1
68.156,25.11,1
46.326,31.547,1
21.216,30.066,1
9.8519,4.2039,1
82.357,52.79,1
17.501,25.602,1
16.357,40.871,1
66.599,94.751,1
89.439,91.928,1
51.656,12.124,1
70.27,59.194,1
15.359,35.965,1
95.346,71.931,1
54.088,52.355,1
67.973,26.084,1
3.6563,49.308,1
80.92,85.584,1
74.862,72.441,1
12.019,19.911,1
52.505,15.729,1
32.583,37.048,1
54.645,86.227,1
39.888,68.476,1
41.509,63.42,1
18.074,14.132,1
25.539,7.9302,1
2.0536,87.615,1
92.368,42.043,1
65.37,48.766,1
93.261,46.033,1
16.351,51.568,1
92.11,27.199,1
79.466,23.158,1
57.739,89.953,1
44.004,90.87,1
25.761,60.364,1
75.195,36.524,1
22.867,59.859,1
6.4187,66.849,1
76.733,89.456,1
67.12,8.7336,1
71.521,53.901,1
64.206,42.845,1
41.905,61.715,1
39.076,55.888,1
81.614,22.585,1
31.743,10.452,1
81.454,0.99777,1
78.907,5.9153,1
85.226,32.265,1
50.564,77.948,1
63.566,33.548,1
95.089,61.957,1
44.396,99.289,1
6.0019,64.801,1
86.675,53.978,1
63.119,23.225,1
35.507,73.983,1
99.7,88.899,1
22.417,85.981,1
65.245,59.706,1
60.499,65.475,1
38.725,91.501,1
14.219,43.318,1
2.5135,28.976,1
42.111,63.188,1
18.41,29.542,1
72.578,62.203,1
37.036,4.7534,1
84.156,99.461,1
73.423,20.676,1
57.103,60.736,1
17.686,34.763,1
95.738,71.774,1
26.532,2.7993,1
92.458,6.6842,1
22.377,92.706,1
37.356,8.7772,1
8.75,33.24,1
64.012,52.618,1
18.062,24.664,1
4.5051,54.29,1
72.317,78.087,1
34.744,52.188,1
66.062,93.195,1
38.387,14.711,1
62.735,41.677,1
2.165,28.029,1
91.057,59.81,1
80.056,3.6475,1
74.585,6.3687,1
81.311,32.288,1
38.331,9.8379,1
61.728,17.004,1
57.549,37.116,1
53.005,3.9762,1
27.507,70.924,1
24.863,64.134,1
45.164,17.406,1
22.771,6.2152,1
80.445,40.666,1
98.61,46.306,1
2.9992,20.267,1
53.566,86.955,1
8.7077,59.794,1
80.209,2.3014,1
98.914,89.943,1
6.6946,45.295,1
93.94,5.8026,1
1.8178,10.627,1
68.384,99.843,1
78.374,86.633,1
53.414,61.521,1
88.536,2.6944,1
89.9,32.252,1
62.594,46.378,1
13.787,9.9017,1
21.78,57.099,1
18.214,32.588,1
4.182,45.049,1
10.694,57.784,1
61.644,7.4844,1
93.966,5.7343,1
35.446,30.096,1
41.063,52.172,1
98.435,56.188,1
94.558,24.155,1
67.664,91.272,1
98.83,82.573,1
76.683,44.455,1
33.67,98.206,1
66.238,57.827,1
24.417,23.442,1
29.551,81.059,1
68.018,45.127,1
52.785,24.997,1
41.159,95.544,1
60.264,14.265,1
75.052,51.256,1
58.353,97.193,1
55.179,64.832,1
58.357,61.467,1
51.182,46.965,1
8.2593,57.778,1
71.957,91.131,1
99.616,37.622,1
35.453,22.876,1
97.126,42.352,1
34.645,27.36,1
88.654,44.457,1
45.469,62.752,1
41.343,53.464,1
21.773,38.544,1
12.565,87.345,1
30.891,30.035,1
72.61,40.003,1
78.287,51.772,1
69.379,6.1825,1
0.98023,23.137,1
84.321,11.849,1
92.233,9.878,1
77.095,89.028,1
4.266,3.3389,1
37.819,83.903,1
70.434,50.727,1
72.951,11.372,1
22.428,49.045,1
26.905,59.944,1
67.303,9.0216,1
47.749,97.822,1
62.372,65.302,1
23.644,46.113,1
17.712,86.376,1
82.964,26.283,1
76.692,82.396,1
93.448,32.898,1
10.789,94.13,1
18.223,24.411,1
9.9095,95.711,1
48.976,51.082,1
19.325,56.458,1
89.589,99.372,1
9.909,77.098,1
4.4166,31.38,1
55.73,5.7873,1
77.25,4.4074,1
31.194,81.294,1
17.898,41.207,1
33.896,38.416,1
21.015,52.313,1
51.015,89.215,1
90.636,40.592,1
62.892,60.439,1
10.153,9.4804,1
39.085,33.598,1
5.4617,14.484,1
50.128,24.488,1
43.172,37.897,1
99.756,27.032,1
81.16,21.56,1
48.565,63.373,1
89.445,79.972,1
13.755,20.851,1
39,89.626,1
92.736,74.571,1
91.749,53.639,1
71.357,96.997,1
61.834,56.488,1
34.329,21.769,1
93.603,85.776,1
12.477,86.2,1
73.059,31.33,1
64.648,32.698,1
83.315,84.001,1
39.828,49.253,1
74.982,5.1902,1
83.522,77.802,1
32.246,42.667,1
55.226,27.996,1
97.913,33.351,1
54.931,36.694,1
33.042,79.479,1
61.947,3.8691,1
36.064,72.667,1
75.651,87.268,1
41.39,28.581,1
49.235,65.685,1
69.474,23.189,1
97.273,62.195,1
32.775,7.5124,1
83.78,96.676,1
73.907,60.997,1
95.417,38.372,1
3.1923,3.057,1
35.687,85.757,1
66.265,60.354,1
28.15,84.784,1
23.038,50.462,1
71.113,0.79108,1
62.457,91.907,1
59.061,41.07,1
66.044,73.237,1
4.7555,15.111,1
34.878,81.523,1
45.134,90.96,1
24.09,77.794,1
71.505,75.712,1
85.618,40.52,1
28.151,70.19,1
73.105,56.546,1
13.776,58.474,1
83.672,34.491,1
13.86,70.423,1
58.821,16.086,1
36.616,0.15139,1
80.676,56.2,1
50.378,54.648,1
48.959,55.083,1
87.705,69.454,1
35.314,92.749,1
44.944,94.421,1
96.353,90.326,1
4.2298,60.411,1
97.296,92.621,1
18.921,11.695,1
66.712,34.08,1
58.644,3.673,1
67.511,53.837,1
36.102,73.723,1
62.028,18.122,1
81.115,42.625,1
1.9257,9.8168,1
8.3874,30.322,1
97.48,78.012,1
65.135,53.696,1
23.124,76.907,1
40.349,63.894,1
12.202,89.315,1
26.844,6.069,1
25.785,17.577,1
33.167,41.633,1
15.223,73.979,1
34.801,89.295,1
12.166,2.5853,1
88.415,13.756,1
9.4278,42.409,1
93.004,76.457,1
39.902,52.444,1
4.7401,75.448,1
34.237,16.98,1
73.597,67.273,1
79.468,61.865,1
54.491,0.68461,1
68.622,74.023,1
89.363,99.174,1
5.4792,12.818,1
30.366,36.058,1
4.6192,19.107,1
19.548,71.44,1
72.017,17.787,1
72.175,98.685,1
87.78,1.6999,1
58.243,3.9796,1
7.0684,80.433,1
92.274,85.979,1
80.037,56.625,1
28.595,75.411,1
54.366,51.951,1
98.478,58.59,1
71.568,19.073,1
83.897,50.344,1
43.326,5.0915,1
47.062,5.6096,1
56.071,33.52,1
26.909,63.09,1
74.902,89.198,1
50.389,67.34,1
64.681,68.527,1
30.775,69.574,1
13.872,79.983,1
47.557,66.061,1
36.246,51.994,1
78.811,33.174,1
78.03,93.417,1
66.851,24.648,1
13.35,51.121,1
2.1556,74.032,1
55.984,25.417,1
30.082,84.558,1
93.941,53.815,1
98.09,91.014,1
28.662,35.071,1
80.082,93.532,1
89.611,92.772,1
59.753,58.77,1
88.402,10.176,1
94.373,36.688,1
54.916,27.585,1
72.839,26.61,1
57.676,22.654,1
2.5857,0.13208,1
44.653,89.301,1
64.63,45.35,1
52.12,57.842,1
37.231,31.561,1
93.713,99.402,1
82.953,98.389,1
84.909,96.455,1
37.253,66.627,1
59.318,72.616,1
87.255,33.404,1
93.35,52.277,1
66.846,27.335,1
20.678,71.838,1
65.385,77.802,1
7.2052,8.1064,1
40.673,22.158,1
66.693,20.396,1
93.373,62.41,1
81.095,72.521,1
48.455,83.436,1
75.675,1.8895,1
41.705,20.212,1
97.179,46.909,1
98.797,37.84,1
86.415,34.039,1
38.888,6.3851,1
45.474,76.134,1
24.669,40.266,1
78.442,67.429,1
88.284,55.108,1
91.371,5.1457,1
55.828,30.75,1
59.887,96.544,1
14.888,93.148,1
89.971,37.803,1
45.039,61.767,1
20.567,56.253,1
89.965,83.056,1
76.259,95.77,1
88.249,7.5506,1
28.495,88.802,1
67.323,56.245,1
66.428,19.436,1
12.281,22.145,1
40.732,70.576,1
27.529,59.676,1
71.667,58.63,1
28.338,96.849,1
89.62,58.174,1
82.658,9.98,1
39.003,16.66,1
49.79,10.209,1
69.481,14.625,1
83.437,67.156,1
60.963,63.985,1
57.474,37.244,1
32.604,16.287,1
45.642,38.952,1
71.38,79.998,1
88.441,39.979,1
72.086,75.512,1
1.8613,29.521,1
67.478,64.001,1
43.851,88.512,1
43.782,20.964,1
11.704,48.036,1
81.468,11.299,1
32.486,13.237,1
24.623,6.4002,1
34.271,7.9297,1
37.569,62.695,1
54.655,41.133,1
56.192,63.859,1
39.582,85.656,1
39.813,76.358,1
51.537,97.616,1
65.753,78.154,1
95.092,93.558,1
72.235,73.915,1
40.008,25.362,1
83.187,71.925,1
13.434,69.351,1
6.0467,77.332,1
8.4247,74.722,1
16.39,31.838,1
32.422,51.043,1
30.173,77.307,1
1.1681,57.282,1
53.991,95.385,1
9.5373,17.157,1
14.651,90.724,1
63.114,75.222,1
85.932,28.618,1
97.422,62.741,1
57.084,46.283,1
99.685,12.944,1
55.354,54.938,1
51.546,96.951,1
33.068,44.214,1
43,59.096,1
49.181,11.097,1
7.1037,19.985,1
88.774,16.296,1
6.4634,3.6877,1
43.618,27.272,1
82.663,23.013,1
39.453,35.854,1
61.347,13.434,1
81.864,99.859,1
88.624,51.352,1
93.111,38.785,1
19.078,24.985,1
25.858,36.475,1
89.787,39.906,1
59.336,92.63,1
50.384,49.547,1
61.281,60.919,1
81.942,0.48085,1
53.189,58.773,1
20.208,77.746,1
45.389,65.718,1
42.791,52.831,1
96.605,82.577,1
62.006,96.243,1
69.539,31.374,1
72.016,79.709,1
34.69,28.518,1
51.699,1.4895,1
55.669,9.415,1
15.65,32.872,1
56.206,30.557,1
69.48,1.8022,1
42.646,16.221,1
83.627,44.399,1
73.139,76.677,1
36.003,68.126,1
45.421,71.454,1
38.639,45.978,1
77.555,91.927,1
73.427,98.894,1
43.028,93.26,1
69.375,46.152,1
94.521,90.492,1
78.423,38.645,1
70.557,60.302,1
10.933,56.032,1
38.993,84.584,1
59.09,28.48,1
45.938,66.332,1
5.034,60.226,1
22.869,65.646,1
83.419,30.993,1
1.5645,33.164,1
86.371,18.82,1
7.8069,10.068,1
66.904,28.656,1
50.021,35.483,1
21.799,53.576,1
57.162,99.083,1
12.219,2.8178,1
67.117,70.953,1
59.959,90.516,1
5.5976,86.583,1
5.6343,11.917,1
15.25,95.528,1
1.9621,44.09,1
43.518,87.576,1
83.222,86.495,1
61.739,35.515,1
52.013,63.115,1
86.387,86.455,1
9.7698,2.0992,1
90.805,7.682,1
10.802,37.671,1
51.7,14.919,1
14.316,3.4097,1
55.937,78.225,1
0.45796,32.725,1
76.668,81.748,1
84.871,17.362,1
91.682,67.612,1
98.697,87.56,1
50.513,75.716,1
27.142,22.963,1
10.075,35.894,1
50.785,36.316,1
58.561,26.744,1
76.289,33.73,1
8.2963,8.6961,1
66.16,45.156,1
51.698,45.466,1
17.105,2.9036,1
93.856,63.71,1
59.048,5.9459,1
44.063,16.92,1
94.192,68.468,1
65.591,55.457,1
45.195,0.60358,1
83.97,28.809,1
53.262,37.661,1
55.389,14.649,1
68.007,7.4534,1
36.719,46.074,1
23.929,37.039,1
57.892,82.456,1
86.689,53.754,1
40.678,81.752,1
11.262,46.038,1
44.385,1.4034,1
30.018,0.49832,1
40.139,16.623,1
83.336,36.594,1
40.363,71.821,1
39.018,15.942,1
36.045,27.877,1
14.026,64.494,1
26.013,28.72,1
8.6815,32.193,1
42.94,15.542,1
25.728,38.766,1
29.756,89.573,1
42.486,88.777,1
11.921,39.361,1
49.507,67.546,1
70.641,25.221,1
24.357,94.999,1
78.507,62.468,1
7.409,20.695,1
39.388,10.966,1
0.33941,56.585,1
22.068,27.433,1
0.13006,7.1165,1
18.918,15.845,1
14.248,4.952,1
26.808,68.088,1
17.489,78.176,1
13.865,80.737,1
59.889,26.505,1
90.106,89.59,1
93.938,60.799,1
22.118,1.4401,1
48.267,34.403,1
37.601,53.366,1
52.378,62.776,1
26.487,44.674,1
6.8357,81.111,1
43.633,14.483,1
17.385,97.483,1
2.6107,83.376,1
95.468,34.01,1
43.06,61.624,1
96.156,30.376,1
76.241,8.9219,1
0.73487,52.153,1
68.004,82.529,1
70.595,76.393,1
64.513,94.764,1
55.231,33.355,1
21.811,38.974,1
77.237,15.041,1
22.803,33.37,1
37.086,55.368,1
89.093,55.029,1
85.638,16.042,1
40.243,11.709,1
31.802,39.855,1
60.864,83.138,1
91.02,18.5,1
90.91,50.079,1
59.159,12.631,1
33.257,86.463,1
85.306,76.665,1
44.24,56.435,1
90.436,38.957,1
3.3179,49.014,1
53.243,88.69,1
71.65,90.505,1
17.93,49.839,1
33.653,52.923,1
18.771,90.97,1
32.193,57.86,1
40.386,77.579,1
54.857,66.139,1
4.8739,46.966,1
55.273,21.977,1
27.481,60.259,1
24.15,18.426,1
24.315,19.751,1
15.416,86.199,1
95.642,12.565,1
93.566,64.558,1
81.871,43.732,1
72.826,61.261,1
17.581,73.748,1
36.037,30.328,1
18.879,4.2968,1
0.11984,83.551,1
31.642,36.931,1
69.962,66.134,1
62.526,89.572,1
54.306,27.41,1
43.904,99.79,1
28.743,83.435,1
50.166,79.134,1
76.155,65.661,1
76.241,54.367,1
57.606,38.668,1
74.766,82.223,1
64.553,59.533,1
12.322,78.164,1
50.44,98.767,1
34.726,78.825,1
9.2148,85.292,1
14.785,48.561,1
19.817,87.376,1
67.227,33.385,1
43.151,20.532,1
69.44,49.436,1
25.678,3.1209,1
0.97586,82.757,1
53.228,26.426,1
27.939,67.75,1
94.623,79.386,1
90.644,68.184,1
39.268,65.076,1
2.4855,23.734,1
67.144,47.74,1
83.717,93.642,1
97.15,24.11,1
5.6933,20.911,1
45.032,27.247,1
58.247,77.582,1
68.664,33.141,1
71.943,60.307,1
65.004,18.401,1
72.691,8.7459,1
37.385,30.892,1
58.158,23.088,1
11.612,90.919,1
5.7654,93.688,1
97.977,3.1879,1
28.482,59.365,1
59.497,4.3818,1
96.216,42.49,1
18.578,52.158,1
19.304,84.034,1
34.164,62.503,1
93.29,25.52,1
39.067,90.469,1
27.322,76.73,1
15.195,56.267,1
39.711,89.715,1
37.472,36.808,1
13.111,33.773,1
43.504,61.886,1
9.1513,8.6895,1
61.463,37.55,1
1.0979,18.738,1
57.326,81.053,1
78.973,72.325,1
23.537,67.467,1
44.802,91.398,1
56.936,82.096,1
6.1401,54.872,1
49.629,1.5542,1
64.232,9.4686,1
22.127,51.476,1
83.706,95.248,1
97.108,84.306,1
84.637,93.501,1
50.6,97.341,1
27.888,37.253,1
74.662,32.09,1
23.693,78.325,1
95.735,21.222,1
62.026,95.915,1
60.026,93.023,1
17.26,36.573,1
9.0347,34.491,1
25.526,69.268,1
85.857,71.66,1
91.107,80.034,1
69.963,59.367,1
72.518,9.7175,1
22.989,55.951,1
57.605,4.309,1
81.063,75.763,1
40.384,65.965,1
98.844,59.946,1
8.9999,22.699,1
32.094,71.371,1
51.141,72.45,1
6.0606,34.422,1
72.569,3.2751,1
55.656,84.362,1
52.936,77.03,1
82.998,50.965,1
85.876,70.696,1
78.903,79.117,1
31.783,33.067,1
45.221,91.368,1
75.223,57.67,1
10.986,28.791,1
10.974,26.686,1
26.988,89.018,1
52.464,36.61,1
97.265,15.002,1
71.041,94.633,1
31.186,65.084,1
29.146,98.221,1
85.036,19.383,1
91.165,82.874,1
63.928,49.38,1
25.537,59.078,1
8.8666,4.4891,1
83.826,56.446,1
58.472,63.354,1
94.811,49.81,1
6.1029,5.9624,1
58.464,51.516,1
28.511,5.3195,1
82.773,84.363,1
19.099,59.467,1
44.253,69.102,1
39.341,64.723,1
82.657,62.344,1
67.687,95.386,1
20.76,17.694,1
31.81,47.491,1
13.381,84.24,1
67.146,49.696,1
57.099,76.24,1
16.977,17.988,1
14.766,69.162,1
47.608,91.442,1
90.81,16.266,1
55.218,42.81,1
3.294,4.1852,1
5.3863,22.575,1
80.506,66.615,1
45.137,87.134,1
38.265,34.473,1
78.964,2.7252,1
36.429,90.528,1
53.235,47.106,1
71.166,91.046,1
87.148,32.798,1
32.869,69.11,1
65.012,1.7448,1
97.484,51.235,1
7.5967,33.181,1
58.702,33.611,1
41.389,95.335,1
30.914,75.051,1
26.383,33.392,1
75.877,63.283,1
99.522,41.555,1
18.657,57.65,1
78.115,95.95,1
19.58,61.585,1
99.236,15.058,1
80.226,83.827,1
42.423,72.617,1
72.886,10.885,1
49.835,16.135,1
80.899,29.701,1
35.651,42.358,1
7.3243,52.841,1
59.099,27.51,1
91.019,82.796,1
19.377,79.278,1
43.237,27.375,1
74.916,61.569,1
3.9184,10.155,1
94.632,66.996,1
76.367,34.74,1
55.882,66.95,1
18.384,29.53,1
49.795,68.043,1
51.785,39.377,1
99.424,39.182,1
85.485,20.696,1
96.24,72.452,1
67.894,81.931,1
40.35,92.647,1
93.498,51.412,1
47.948,19.314,1
23.179,60.29,1
39.629,19.818,1
70.508,41.039,1
55.856,85.307,1
75.663,42.908,1
99.548,92.566,1
96.243,37.308,1
53.507,69.825,1
96.387,58.863,1
11.563,10.087,1
5.1448,41.24,1
30.435,92.471,1
58.019,5.555,1
53.096,38.405,1
90.121,24.064,1
54.055,22.781,1
43.198,35.712,1
54.267,92.41,1
71.241,50.25,1
1.6675,80.324,1
80.092,35.027,1
14.251,45.868,1
47.847,95.11,1
25.684,13.298,1
36.909,7.0307,1
66.176,70.608,1
16.961,93.17,1
27.878,10.89,1
19.822,65.17,1
19.507,14.606,1
32.684,69.396,1
88.034,62.561,1
47.11,4.3723,1
40.397,79.792,1
17.923,98.621,1
96.892,43.674,1
40.746,34.475,1
84.449,4.8806,1
61.533,22.52,1
37.661,58.101,1
87.718,60.138,1
78.485,25.252,1
46.495,65.434,1
81.398,6.0096,1
89.844,94.051,1
42.924,9.2531,1
33.433,33.398,1
59.665,65.105,1
90.199,50.391,1
70.207,53.093,1
37.746,37.912,1
73.496,76.891,1
95.41,28.251,1
54.281,64.927,1
54.011,92.218,1
31.111,33.067,1
7.1235,81.344,1
18.198,78.764,1
9.2989,12.432,1
46.349,15.739,1
0.93325,41.5,1
91.503,68.733,1
64.274,65.77,1
0.14191,67.998,1
3.0385,0.93867,1
20.847,12.861,1
45.497,76.391,1
12.727,84.192,1
0.86477,74.695,1
72.708,94.452,1
35.412,91.971,1
78.045,22.307,1
43.666,50.977,1
43.655,78.774,1
4.9213,52.245,1
4.9632,61.739,1
9.11,55.824,1
59.404,73.099,1
24.108,6.3402,1
84.137,49.279,1
85.721,22.992,1
96.361,33.739,1
48.89,55.164,1
22.031,74.369,1
22.621,41.231,1
53.679,50.762,1
76.211,12.897,1
34.757,21.484,1
46.123,29.283,1
63.932,44.997,1
91.734,24.028,1
16.157,26.326,1
71.564,89.158,1
57.774,58.614,1
43.33,93.867,1
88.424,61.808,1
39.305,25.072,1
17.898,10.254,1
63.333,54.636,1
62.4,44.265,1
32.794,69.151,1
80.297,75.944,1
99.948,39.942,1
98.098,56.741,1
12.704,20.558,1
23.224,94.353,1
2.3632,51.281,1
60.743,27.625,1
11.081,22.914,1
40.746,95.293,1
88.408,68.942,1
54.813,70.787,1
36.9,65.692,1
20.835,77.897,1
44.094,58.047,1
95.62,50.323,1
12.403,87.873,1
47.076,39.295,1
85.69,24.264,1
4.339,28.163,1
69.163,90.477,1
97.899,70.268,1
28.327,85.306,1
13.378,37.868,1
68.528,63.302,1
90.945,3.1557,1
61.087,92.003,1
89.998,46.975,1
19.343,51.99,1
75.442,76.631,1
34.626,33.622,1
41.863,62.599,1
15.572,32.69,1
81.9,31.111,1
62.492,64.608,1
73.856,43.369,1
80.511,10.289,1
6.7223,23.615,1
95.079,97.178,1
49.758,69.89,1
75.515,65.945,1
74.241,32.61,1
83.113,1.9822,1
15.65,57.047,1
45.731,3.6335,1
61.81,26.474,1
93.218,19.066,1
83.509,44.93,1
89.542,76.866,1
58.252,62.794,1
58.275,31.47,1
85.493,29.204,1
3.4866,7.8238,1
88.542,17.194,1
40.773,72.128,1
3.6382,8.9449,1
74.615,91.781,1
15.483,42.968,1
14.391,7.9723,1
60.596,57.214,1
25.448,83.177,1
32.415,34.737,1
40.179,77.989,1
40.637,70.834,1
38.619,59.094,1
60.98,37.699,1
16.689,39.383,1
18.809,42.831,1
9.4629,42.303,1
32.319,21.892,1
76.96,49.676,1
23.412,3.987,1
74.037,56.482,1
69.282,4.9143,1
82.408,87.228,1
82.798,86.002,1
29.337,33.826,1
30.937,97.403,1
52.303,95.478,1
32.53,98.862,1
83.184,15.772,1
81.029,0.29184,1
55.7,24.818,1
26.296,34.629,1
68.057,23.334,1
23.365,75.589,1
45.643,22.593,1
38.457,44.844,1
53.86,25.944,1
99.17,34.579,1
75.522,90.295,1
98.045,1.2701,1
23.478,13.222,1
52.856,38.806,1
5.1436,84.062,1
75.688,21.327,1
60.198,93.523,1
85.717,96.98,1
98.828,37.526,1
92.948,98.486,1
40.951,12.209,1
0.034146,76.096,1
54.088,57.936,1
20.773,62.116,1
21.928,48.99,1
32.581,22.045,1
9.5949,14.413,1
74.753,63.518,1
74.851,80.242,1
54.33,66.964,1
33.813,47.16,1
83.233,94.448,1
55.257,59.148,1
95.754,22.675,1
89.283,68.384,1
35.65,32.064,1
54.64,74.892,1
34.668,99.814,1
62.28,26.973,1
79.662,93.187,1
74.587,69.639,1
12.554,9.5259,1
82.239,24.587,1
2.5151,93.466,1
41.443,47.978,1
73.141,88.253,1
78.137,77.93,1
36.729,1.8284,1
74.487,77.076,1
89.227,68.58,1
24.26,86.767,1
12.96,58.051,1
22.507,62.61,1
35.001,11.115,1
28.708,21.369,1
92.749,3.637,1
5.1314,44.454,1
59.267,32.658,1
16.29,28.729,1
83.841,49.645,1
16.756,18.171,1
50.22,93.379,1
99.933,94.018,1
35.541,59.146,1
4.7078,0.080862,1
21.366,90.301,1
39.784,68.289,1
33.367,7.3851,1
22.96,99.638,1
93.612,31.446,1
68.319,80.922,1
96.211,46.145,1
43.797,58.714,1
94.034,47.76,1
0.58343,55.245,1
61.031,17.532,1
80.108,58.724,1
23.298,15.48,1
93.247,44.545,1
76.326,53.762,1
82.645,46.19,1
57.346,83.411,1
79.258,99.617,1
32.904,97.224,1
22.346,74.593,1
31.239,19.996,1
58.452,3.6329,1
82.991,18.86,1
29.046,57.755,1
40.255,62.827,1
86.206,36.477,1
61.474,63.656,1
99.119,89.129,1
20.37,25.352,1
82.721,28.636,1
67.586,12.542,1
24.895,52.857,1
47.579,82.077,1
39.908,29.978,1
59.944,78.768,1
80.052,43.701,1
10.507,55.054,1
82.144,98.611,1
84.109,68.978,1
35.451,97.014,1
43.007,9.5966,1
57.224,89.809,1
70.082,5.8443,1
74.247,12.332,1
75.788,63.073,1
38.913,37.01,1
42.93,31.957,1
95.634,79.569,1
57.297,30.17,1
84.972,60.746,1
27.635,46.197,1
62.232,29.259,1
58.836,83.242,1
96.347,57.053,1
8.5903,7.0508,1
50.05,26.631,1
52.159,17.087,1
9.0166,56.031,1
90.467,20.209,1
88.439,49.237,1
43.899,72.937,1
78.172,95.5,1
14.847,76.237,1
61.982,8.0068,1
26.062,93.825,1
44.566,97.447,1
84.4,60.711,1
19.62,95.749,1
30.385,33.065,1
48.329,90.122,1
33.781,0.036562,1
79.849,48.328,1
98.749,14.747,1
15.905,31.499,1
23.688,17.138,1
70.224,59.291,1
37.547,65.761,1
97.37,34.896,1
97.231,5.3693,1
64.37,4.7168,1
86.01,5.5858,1
40.188,7.1512,1
63.193,1.5676,1
98.524,97.368,1
55.948,73.48,1
93.359,75.239,1
72.034,3.3314,1
48.404,11.761,1
63.903,26.13,1
88.764,89.336,1
19.874,97.206,1
39.537,99.407,1
99.218,34.679,1
40.235,29.23,1
65.886,18.725,1
90.135,74.315,1
99.538,71.802,1
65.316,18.889,1
10.844,43.394,1
3.6114,4.5593,1
61.809,65.547,1
56.714,78.104,1
96.196,86.29,1
74.611,78.535,1
66.252,43.349,1
52.331,34.782,1
25.989,5.5389,1
96.199,81.944,1
54.02,10.604,1
3.027,0.6074,1
69.631,27.504,1
51.972,94.277,1
5.9031,67.426,1
89.004,38.566,1
33.02,85.695,1
22.97,67.482,1
11.395,60.81,1
31.092,43.943,1
22.843,96.129,1
65.2,82.291,1
6.616,1.0499,1
27.543,14.162,1
28.182,48.281,1
88.007,58.062,1
44.433,29.299,1
75.591,43.887,1
60.33,39.827,1
78.327,13.731,1
11.393,95.276,1
97.856,36.004,1
84.86,83.698,1
5.0646,4.1336,1
46.62,42.383,1
32.565,7.5638,1
63.021,31.381,1
23.03,94.598,1
57.988,85.45,1
60.316,17.353,1
59.988,53.588,1
44.843,29.489,1
3.5423,90.287,1
51.381,8.1387,1
40.773,78.747,1
10.805,17.441,1
45.988,71.999,1
45.088,23.201,1
55.114,20.714,1
80.54,21.613,1
70.085,97.667,1
87.224,38.185,1
5.2192,63.529,1
21.968,4.6564,1
45.964,23.207,1
95.853,87.484,1
79.005,46.014,1
45.187,0.30636,1
33.343,46.494,1
5.9095,82.407,1
74.091,87.189,1
50.679,30.107,1
19.993,23.601,1
42.719,83.158,1
16.869,43.775,1
75.169,50.709,1
36.835,18.547,1
94.182,15.15,1
1.7173,90.681,1
82.906,99.275,1
62.659,39.008,1
53.875,82.681,1
65.051,95.406,1
72.663,89.384,1
9.4489,84.101,1
87.757,68.328,1
1.4362,17.18,1
29.43,23.755,1
17.991,43.429,1
92.629,2.5062,1
6.818,26.865,1
58.109,98.016,1
63.715,31.269,1
65.127,57.175,1
86.462,61.166,1
5.5953,90.154,1
81.686,39.604,1
52.892,69.277,1
69.435,20.449,1
21.24,6.2853,1
54.328,62.239,1
70.252,68.802,1
95.643,29.679,1
44.454,57.156,1
8.5398,31.622,1
5.734,80.95,1
62.945,36.55,1
79.618,69.879,1
69.119,63.343,1
34.531,96.458,1
94.682,20.08,1
52.019,59.818,1
95.381,8.3703,1
7.3596,54.441,1
20.703,84.615,1
77.503,4.0698,1
91.419,32.936,1
78.255,70.935,1
29.553,86.031,1
15.185,50.09,1
84.791,99.476,1
78.485,42.864,1
27.083,26.735,1
22.781,47.295,1
32.102,16.085,1
82.956,15.89,1
82.218,26.834,1
57.068,75.712,1
57.183,60.917,1
28.602,96.693,1
69.913,77.332,1
79.626,57.286,1
44.159,45.022,1
44.622,28.706,1
46.566,75.239,1
27.904,9.4358,1
67.538,10.679,1
90.366,73.489,1
90.853,35.459,1
74.72,58.063,1
26.051,29.886,1
68.964,71.368,1
13.183,36.049,1
12.35,71.846,1
19.09,99.532,1
14.573,8.37,1
58.504,46.821,1
7.3362,9.3803,1
82.233,72.517,1
72.29,91.205,1
92.586,8.6414,1
49.264,51.995,1
65.488,55.263,1
89.012,68.515,1
53.853,29.965,1
28.221,60.188,1
97.596,19.85,1
3.6426,65.676,1
32.624,69.836,1
97.301,45.968,1
36.503,15.766,1
30.915,42.179,1
12.091,59.605,1
91.577,32.233,1
13.548,83.073,1
33.212,12.269,1
89.748,25.118,1
49.965,93.761,1
61.529,65.521,1
58.313,75.291,1
69.825,81.086,1
2.9332,4.8427,1
52.788,41.471,1
3.2073,72.549,1
82.714,13.904,1
33.999,63.256,1
84.671,24.683,1
24.607,83.997,1
58.149,83.667,1
93.768,45.307,1
4.7787,39.476,1
5.3978,96.16,1
2.0618,0.81783,1
68.148,39.844,1
59.863,48.777,1
11.403,61.814,1
79.625,7.001,1
61.785,14.269,1
7.0214,65.423,1
6.9279,21.832,1
13.601,11.913,1
78.889,4.3137,1
9.2398,16.556,1
23.787,51.111,1
24.365,86.727,1
10.482,76.626,1
85.835,13.495,1
69.82,6.4921,1
73.374,67.244,1
65.053,48.221,1
51.627,49.542,1
32.639,31.348,1
66.178,32.35,1
11.757,90.91,1
14.782,45.034,1
1.9765,74.864,1
96.429,18.525,1
97.037,8.4922,1
12.386,20.703,1
46.741,55.892,1
65.669,66.17,1
29.019,93.921,1
75.454,4.0245,1
55.812,16.366,1
42.779,43.812,1
26.719,32.567,1
75.374,8.9932,1
89.838,81.032,1
72.844,39.956,1
40.683,65.531,1
93.832,56.684,1
25.543,0.31219,1
53.316,65.135,1
95.475,31.71,1
26.775,26.593,1
25.008,46.045,1
92.767,62.316,1
6.8582,80.185,1
29.94,56.116,1
59.158,2.4804,1
20.33,79.354,1
63.588,27.309,1
79.837,82.291,1
50.17,68.855,1
65.081,60.39,1
79.595,38.695,1
23.337,6.5535,1
60.084,99.859,1
11.246,66.104,1
51.577,22.917,1
83.784,9.2255,1
92.079,24.098,1
49.823,90.257,1
27.761,21.735,1
65.252,47.952,1
91.73,90.923,1
50.984,19.378,1
97.419,44.799,1
19.728,61.78,1
11.118,59.421,1
29.735,66.588,1
39.642,26.768,1
42.076,42.387,1
31.148,79.932,1
69.384,93.231,1
9.1872,46.972,1
40.209,30.63,1
29.518,43.937,1
30.65,30.686,1
10.556,27.501,1
59.383,13.875,1
28.273,16.655,1
15.522,49.395,1
0.065867,8.6584,1
28.36,92.684,1
55.081,14.848,1
87.09,16.048,1
4.2253,71.772,1
90.472,67.489,1
13.097,35.852,1
83.373,9.0458,1
80.047,0.8248,1
91.788,37.278,1
13.73,78.831,1
50.473,44.729,1
40.496,9.9625,1
17.357,80.583,1
57.518,65.945,1
60.622,45.236,1
21.445,53.336,1
51.993,52.666,1
98.919,62.968,1
48.992,64.656,1
69.487,19.183,1
41.142,80.173,1
3.4777,19.657,1
29.283,41.129,1
80.144,23.569,1
34.65,27.221,1
8.3316,0.86685,1
51.111,92.828,1
36.683,52.022,1
73.948,46.413,1
52.474,52.353,1
80.452,33.681,1
81.691,33.238,1
18.947,98.829,1
12.369,47.372,1
82.1,74.686,1
63.79,66.996,1
1.612,79.559,1
89.595,27.254,1
51.538,28.392,1
54.452,71.726,1
60.644,18.464,1
76.044,83.37,1
85.535,16.967,1
38.287,95.327,1
8.4649,72.255,1
73.387,13.425,1
33.199,85.309,1
83.975,93.169,1
37.172,56.418,1
82.822,39.882,1
17.652,44.16,1
12.952,70.168,1
87.988,26.004,1
4.4079,2.8529,1
68.672,94.797,1
73.377,99.617,1
43.717,77.948,1
37.984,98.94,1
97.966,48.755,1
39.899,12.798,1
44.019,46.437,1
15.681,74.259,1
32.603,67.339,1
31.406,87.398,1
89.45,75.825,1
24.702,61.718,1
31.068,27.482,1
40.887,33.638,1
70.801,83.572,1
14.364,38.589,1
87.132,8.0347,1
8.3156,86.558,1
46.174,43.537,1
3.0389,17.208,1
75.32,0.42964,1
70.004,65.25,1
21.451,36.969,1
67.99,37.61,1
55.729,44.134,1
85.068,51.612,1
55.857,30.011,1
90.177,47.832,1
41.952,0.62469,1
35.813,17.144,1
48.899,30.356,1
25.596,74.446,1
92.917,58.089,1
46.676,70.121,1
25.401,80.466,1
43.122,85.199,1
70.253,11.772,1
40.233,65.726,1
18.184,75.295,1
85.625,70.213,1
58.42,60.512,1
37.358,3.8267,1
22.169,19.515,1
21.899,33.068,1
52.223,64.283,1
43.342,21.74,1
74.13,7.691,1
7.045,98.059,1
84.733,20.676,1
67.988,98.325,1
13.665,61.037,1
85.84,24.798,1
19.983,51.796,1
60.734,71.283,1
54.304,25.987,1
16.232,11.469,1
0.56531,54.967,1
77.149,21.89,1
76.479,31.218,1
42.107,97.313,1
5.6813,30.919,1
58.575,94.625,1
17.416,41.056,1
72.861,1.0334,1
53.429,31.007,1
25.306,15.521,1
91.706,99.408,1
75.819,45.024,1
88.703,54.522,1
6.8798,26.233,1
18.353,88.254,1
73.707,10.306,1
69.671,82.356,1
77.699,42.718,1
50.19,92.034,1
42.55,52.801,1
61.124,87.083,1
85.577,35.281,1
67.08,40.015,1
52.359,59.792,1
29.882,91.152,1
70.397,13.299,1
38.161,4.2167,1
56.768,40.104,1
88.786,59.571,1
84.295,91.968,1
89.88,29.378,1
93.9,54.504,1
81.544,78.168,1
0.13578,32.74,1
0.30907,9.5263,1
8.7469,44.168,1
26.073,2.9077,1
2.2799,67.539,1
42.408,11.159,1
34.106,19.964,1
54.135,53.016,1
92.617,62.736,1
29.85,37.36,1
33.808,60.645,1
85.948,84.639,1
34.048,70.195,1
13.812,39.287,1
50.78,57.187,1
85.666,24.977,1
38.431,72.735,1
69.569,34.333,1
62.79,7.8635,1
45.039,30.223,1
47.362,30.04,1
94.971,2.3221,1
8.3498,17.611,1
27.983,86.092,1
44.701,65.595,1
58.757,85.654,1
87.763,27.094,1
46.91,89.595,1
43.742,20.879,1
74.618,96.417,1
46.791,41.436,1
86.083,22.957,1
46.651,81.837,1
49.81,36.044,1
48.743,50.152,1
22.947,74.767,1
8.5552,83.185,1
6.7383,39.447,1
88.839,9.6636,1
23.317,26.539,1
86.16,79.195,1
71.174,93.686,1
87.281,56.826,1
93.8,93.802,1
13.969,59.725,1
39.39,98.795,1
98.056,76.235,1
64.479,18.562,1
89.641,51.677,1
48.223,64.015,1
1.4093,86.895,1
62.288,60.012,1
23.11,99.967,1
52.743,12.918,1
72.499,29.337,1
60.742,47.688,1
58.837,12.958,1
43.343,22.812,1
24.417,18.107,1
42.896,67.202,1
1.0177,32.578,1
60.882,79.059,1
95.798,54.601,1
9.5447,23.056,1
3.5591,68.676,1
88.624,4.9083,1
24.694,57.26,1
0.89151,99.376,1
81.492,36.297,1
14.05,55.872,1
87.987,92.728,1
9.5377,25.988,1
35.256,83.248,1
59.342,17.513,1
58.518,87.984,1
66.768,27.963,1
64.803,84.948,1
43.337,80.672,1
13.976,18.913,1
75.193,97.856,1
24.179,25.373,1
65.046,77.855,1
85.737,81.078,1
8.437,49.795,1
97.209,91.572,1
3.146,10.098,1
83.54,13.582,1
83.571,85.832,1
4.9858,1.8646,1
54.589,72.833,1
94.317,81.666,1
32.147,11.622,1
80.647,48.856,1
60.14,34.745,1
78.962,77.389,1
79.919,28.529,1
4.9565,82.44,1
28.32,17.306,1
65.346,86.364,1
48.966,92.605,1
97.285,19.11,1
74.849,5.0352,1
56.784,54.845,1
29.896,0.95179,1
25.611,82.836,1
88.656,90.854,1
44.68,70.53,1
81.599,24.333,1
9.8337,58.923,1
85.959,93.89,1
2.7629,89.55,1
89.916,60.623,1
89.994,79.238,1
52.411,83.617,1
12.02,56.014,1
17.779,0.06951,1
70.611,25.128,1
83.136,43.195,1
3.4834,43.065,1
75.784,87.523,1
95.711,6.7641,1
34.287,33.991,1
63.824,17.706,1
34.301,24.604,1
21.647,72.782,1
78.62,28.82,1
72.309,23.734,1
27.884,13.966,1
58.243,22.073,1
42.101,81.755,1
9.2069,37.823,1
2.4027,66.552,1
49.115,93.581,1
27.827,42.648,1
33.976,60.516,1
28.735,96.958,1
17.09,36.465,1
39.926,66.445,1
69.765,31.476,1
20.368,88.572,1
66.633,29.554,1
44.307,29.537,1
43.33,90.708,1
17.524,49.288,1
19.32,20.714,1
61.642,2.5819,1
26.901,17.021,1
55.968,30.234,1
94.478,96.144,1
71.447,78.366,1
67.922,67.326,1
95.938,84.072,1
77.533,42.085,1
60.773,70.374,1
94.8,48.129,1
5.9642,82.058,1
26.871,43.739,1
98.668,85.997,1
77.221,0.88972,1
47.535,99.603,1
68.09,27.52,1
41.693,3.3516,1
38.015,15.21,1
21.327,47.96,1
38.294,88.884,1
2.9668,28.342,1
47.232,78.413,1
33.337,17.039,1
97.584,73.129,1
55.544,24.662,1
84.63,8.1841,1
40.806,85.291,1
46.202,68.655,1
82.631,95.811,1
99.12,98.506,1
52.395,53.472,1
92.544,90.598,1
73.902,47.665,1
56.743,88.967,1
96.878,2.385,1
82.45,12.872,1
95.961,74.064,1
64.635,39.102,1
37.957,39.363,1
47.657,60.185,1
91.189,2.3885,1
1.4854,38.767,1
15.669,5.6746,1
47.157,68.957,1
54.299,52.039,1
5.9691,7.6086,1
65.803,40.626,1
88.964,43.021,1
10.963,65.931,1
43.777,21.839,1
28.023,8.1089,1
98.525,46.767,1
60.876,72.867,1
25.375,61.398,1
13.261,90.06,1
54.5,25.278,1
82.78,22.01,1
83.701,23.58,1
83.335,81.013,1
20.372,70.241,1
54.442,87.85,1
87.494,71.101,1
12.1,66.108,1
85.635,43.958,1
89.978,56.279,1
21.787,99.031,1
7.6979,95.732,1
47.422,33.682,1
83.503,15.546,1
46.939,41.708,1
41.377,55.448,1
50.275,2.9752,1
12.544,86.671,1
13.229,89.441,1
87.048,49.719,1
60.295,20.929,1
26.53,72.16,1
86.48,69.972,1
5.8109,46.075,1
45.775,17.059,1
72.221,79.437,1
33.9,88.85,1
40.122,14.251,1
52.698,93.967,1
89.424,0.026086,1
77.836,43.881,1
6.9368,1.1168,1
27.878,23.452,1
37.937,70.698,1
86.467,69.416,1
41.996,26.512,1
23.988,32.657,1
59.765,9.3234,1
47.94,4.1599,1
89.855,75.928,1
93.471,32.487,1
81.789,52.182,1
70.891,95.189,1
74.322,66.898,1
89.971,47.312,1
6.524,64.937,1
33.591,66.564,1
0.43351,23.015,1
82.81,80.489,1
50.744,50.279,1
36.616,43.403,1
22.664,70.903,1
53.483,55.526,1
28.948,25.5,1
6.8371,7.5201,1
8.4971,58.91,1
6.8339,67.424,1
40.982,58.801,1
12.338,53.37,1
44.302,47.262,1
89.894,32.381,1
35.364,43.099,1
12.018,76.49,1
56.911,99.646,1
87.503,26.502,1
34.857,79.207,1
4.1921,13.461,1
14.234,3.5536,1
7.6593,45.395,1
74.053,56.298,1
45.653,23.088,1
66.825,14.476,1
69.925,67.71,1
57.136,35.407,1
62.869,51.047,1
87.776,69.471,1
66.235,59.529,1
87.541,50.611,1
46.752,77.64,1
14.134,68.52,1
6.8134,31.949,1
71.424,83.214,1
30.799,66.082,1
67.116,58.707,1
65.242,1.9078,1
53.105,83.695,1
71.511,11.4,1
50.481,84.042,1
48.8,33.75,1
49.784,42.944,1
93.598,79.378,1
38.928,14.157,1
11.715,60.81,1
24.042,93.063,1
68.491,63.644,1
83.925,4.7771,1
97.014,69.835,1
21.517,25.711,1
76.034,69.09,1
58.41,36.318,1
40.295,54.188,1
51.004,22.214,1
49.564,90.549,1
65.137,37.354,1
74.371,7.8816,1
30.195,3.093,1
8.9612,62.69,1
82.597,93.7,1
38.959,31.994,1
77.53,74.517,1
17.937,28.893,1
10.936,12.435,1
90.516,51.408,1
87.635,38.751,1
99.979,97.861,1
86.425,29.182,1
3.6878,59.234,1
54.468,57.136,1
99.762,61.586,1
51.101,56.091,1
87.351,27.986,1
7.0221,15.185,1
98.754,73.301,1
92.271,3.9699,1
56.426,80.162,1
43.146,40.642,1
33.784,83.001,1
72.072,97.104,1
1.3656,42.248,1
37.406,5.3905,1
92.269,78.704,1
54.648,63.008,1
47.389,50.882,1
49.654,56.769,1
30.897,30.919,1
95.084,74.714,1
98.199,33.666,1
51.356,88.335,1
99.259,33.366,1
45.584,79.601,1
42.604,80.478,1
21.321,5.0239,1
19.325,40.251,1
83.275,96.519,1
72.664,41.438,1
52.975,33.052,1
82.908,63.637,1
51.187,85.803,1
55.196,78.828,1
21.328,53.841,1
58.782,74.167,1
14.276,73.972,1
5.2224,44.479,1
68.331,85.041,1
60.856,49.453,1
21.966,94.816,1
40.628,79.779,1
62.991,13.304,1
55.531,23.777,1
12.758,12.772,1
16.92,53.412,1
0.099942,5.6697,1
41.816,46.857,1
48.849,98.269,1
15.987,68.222,1
66.684,87.09,1
1.792,49.621,1
11.968,28.766,1
95.213,18.302,1
97.585,96.122,1
3.0915,75.626,1
49.388,95.035,1
86.272,67.127,1
24.288,18.605,1
83.427,28.984,1
81.359,5.8208,1
62.897,4.4066,1
0.22382,27.956,1
37.972,17.047,1
90.441,67.71,1
68.035,90.242,1
37.882,35.199,1
63.195,10.016,1
24.327,79.3,1
57.141,46.843,1
98.173,68.734,1
84.968,68.308,1
28.344,42.144,1
68.246,65.934,1
35.812,63.343,1
98.693,52.515,1
8.3986,19.128,1
25.031,51.191,1
81.135,74.833,1
8.4423,41.983,1
53.125,73.748,1
80.062,68.647,1
73.882,95.573,1
14.166,30.791,1
43.789,34.23,1
35.038,38.703,1
47.85,2.6176,1
58.74,63.355,1
14.581,56.525,1
90.533,36.551,1
64.019,42.146,1
16.294,46.22,1
56.591,31.444,1
93.162,22.566,1
78.31,11.594,1
68.569,13.397,1
46.622,94.652,1
26.032,49.243,1
56.927,74.821,1
24.877,31.094,1
31.93,0.77053,1
91.08,61.562,1
88.522,35.757,1
79.459,64.883,1
92.581,84.598,1
17.884,10.135,1
51.754,58.83,1
62.701,58.238,1
91.318,52.18,1
66.397,45.46,1
38.919,96.67,1
74.001,18.231,1
81.763,55.939,1
60.034,62.647,1
8.4997,3.013,1
92.236,64.227,1
5.3598,83.816,1
52.702,39.514,1
11.885,43.734,1
38.014,8.4883,1
81.283,58.138,1
24.41,87.168,1
88.442,20.691,1
71.265,9.461,1
37.815,18.795,1
24.892,66.784,1
25.285,73.242,1
76.724,63.101,1
4.9862,46.821,1
68.529,31.436,1
62.028,64.147,1
74.668,56.203,1
97.726,66.373,1
38.391,12.488,1
26.021,67.403,1
87.747,68.031,1
80.61,93.012,1
46.112,82.882,1
9.0962,17.81,1
56.427,94.924,1
18.738,19.962,1
53.169,21.768,1
35.503,0.85219,1
31.478,30.063,1
72.674,27.447,1
51.577,58.645,1
79.064,39.655,1
20.449,18.64,1
67.811,39.282,1
5.2486,15.459,1
80.117,83.23,1
67.857,14.975,1
94.601,67.955,1
9.1558,75.009,1
90.844,1.489,1
50.995,14.225,1
61.49,3.0656,1
31.607,80.87,1
7.7487,4.7146,1
85.061,66.618,1
14.453,45.603,1
37.049,80.3,1
62.239,35.844,1
99.755,2.5334,1
51.734,21.859,1
99.051,71.091,1
22.653,54.892,1
39.801,86.969,1
69.657,73.884,1
6.4641,10.323,1
74.766,97.143,1
42.04,73.871,1
81.132,1.3858,1
37.961,67.912,1
31.907,48.55,1
98.605,3.4718,1
71.818,11.444,1
41.318,7.6625,1
9.863,60.782,1
73.456,23.347,1
63.731,14.201,1
7.3842,53.017,1
12.051,93.03,1
98.16,61.69,1
49.68,68.989,1
2.2414,23.443,1
5.3832,20.684,1
14.087,3.7366,1
89.347,66.336,1
46.582,50.725,1
56.086,48.58,1
49.446,86.17,1
6.7785,96.551,1
89.765,75.969,1
28.857,24.668,1
26.905,67.627,1
59.419,75.931,1
47.588,58.619,1
36.831,82.244,1
65.561,92.684,1
93.82,63.757,1
62.043,1.8938,1
28.284,18.434,1
20.518,2.6741,1
43.913,93.5,1
2.725,48.447,1
87.618,79.479,1
61.009,45.684,1
20.359,49.421,1
51.992,42.571,1
5.3824,89.177,1
86.219,87.429,1
44.293,63.315,1
54.801,29.228,1
56.686,29.168,1
68.039,24.55,1
37.138,70.435,1
7.8229,77.461,1
45.635,82.265,1
4.7844,80.619,1
73.826,25.377,1
3.8002,80.05,1
95.424,62.971,1
74.237,23.15,1
93.745,38.108,1
51.336,45.32,1
24.09,50.056,1
25.997,54.057,1
75.897,34.515,1
99.334,29.143,1
35.671,70.353,1
75.286,93.408,1
11.005,59.417,1
59.705,59.309,1
43.06,73.873,1
73.072,37.264,1
26.118,45.327,1
9.4808,50.938,1
45.096,92.871,1
64.007,45.079,1
13.204,63.743,1
45.282,45.936,1
65.22,55.377,1
82.7,4.1233,1
30.808,80.22,1
40.236,67.151,1
88.423,20.033,1
70.058,1.4586,1
24.187,76.317,1
75.983,56.751,1
29.093,65.421,1
27.744,63.474,1
0.61078,73.433,1
37.471,88.733,1
43.693,66.591,1
30.43,12.067,1
29.086,71.374,1
24.252,44.723,1
93.668,64.098,1
86.019,64.89,1
39.723,67.838,1
47.942,5.8828,1
56.5,22.395,1
48.962,16.798,1
26.981,92.853,1
98.974,51.523,1
18.368,67.336,1
86.166,66.78,1
3.2633,8.1461,1
33.196,22.507,1
74.875,28.419,1
64.437,91.376,1
16.924,22.91,1
95.221,24.862,1
54.327,67.629,1
25.141,64.849,1
57.857,70.368,1
91.548,83.71,1
89.56,72.73,1
48.251,1.9434,1
44.274,58.375,1
31.175,92.088,1
5.5314,9.1678,1
75.379,55.456,1
13.195,93.08,1
35.592,19.945,1
39.587,52.532,1
88.552,12.674,1
2.124,74.873,1
84.408,31.467,1
28.807,18.717,1
25.034,98.04,1
48.838,71.283,1
72.904,82.565,1
20.262,68.322,1
21.628,68.94,1
97.633,53.088,1
59.324,18.885,1
30.44,49.302,1
96.77,55.954,1
89.597,82.828,1
19.003,20.287,1
0.17993,52.775,1
71.176,80.781,1
86.773,35.51,1
11.831,54.776,1
3.9023,71.744,1
59.819,20.251,1
60.431,64.376,1
51.643,0.0089016,1
0.75074,51.318,1
68.893,56.983,1
94.602,0.70367,1
87.354,89.247,1
11.328,83.319,1
35.457,77.517,1
24.194,78.814,1
56.033,37.363,1
61.273,15.231,1
30.081,35.226,1
79.814,64.51,1
79.564,93.194,1
78.109,9.3321,1
35.11,73.878,1
5.4297,5.5267,1
70.87,75.716,1
99.293,46.349,1
16.248,4.5004,1
11.357,84.203,1
91.288,16.471,1
48.166,11.507,1
85.181,27.156,1
80.991,31.439,1
18.676,60.609,1
24.72,67.747,1
5.4189,98.764,1
60.896,99.326,1
77.723,75.754,1
51.106,27.506,1
2.775,95.401,1
99.039,41.108,1
50.094,21.662,1
33.2,62.913,1
17.388,1.4869,1
62.564,4.33,1
57.513,18.026,1
75.099,20.047,1
15.352,71.936,1
35.679,44.287,1
14.395,84.549,1
85.061,38.979,1
33.787,83.755,1
27.52,74.842,1
0.6011,58.386,1
80.191,16.057,1
49.741,52.884,1
53.784,46.267,1
87.091,37.954,1
72.284,9.323,1
66.809,25.915,1
17.883,33.584,1
55.05,37.511,1
95.988,14.626,1
59.602,31.677,1
80.857,28.123,1
98.453,82.012,1
88.592,34.209,1
21.384,87.2,1
3.463,26.803,1
45.112,77.543,1
1.3795,60.921,1
47.371,1.7969,1
95.12,70.151,1
24.895,1.5752,1
38.642,68.389,1
43.143,87.79,1
83.089,43.181,1
82.465,63.134,1
45.3,58.604,1
38.056,22.741,1
92.587,78.465,1
74.084,28.764,1
73.763,92.438,1
94.692,29.848,1
51.01,53.63,1
79.188,33.365,1
45.217,23.729,1
84.92,54.524,1
39.043,10.769,1
73.838,13.716,1
97.644,9.4427,1
52.33,31.088,1
42.992,81.264,1
20.716,51.356,1
32.34,86.648,1
11.087,98.049,1
37.521,32.665,1
32.99,21.962,1
34.211,51.822,1
81.712,35.301,1
53.169,85.948,1
52.112,26.002,1
77.431,84.372,1
12.026,58.28,1
62.545,71.941,1
34.665,34.352,1
33.462,0.92739,1
57.462,19.245,1
86.394,50.739,1
19.856,2.4242,1
67.245,55.004,1
90.183,27.618,1
19.916,69.624,1
29.828,88.135,1
49.652,2.4681,1
88.99,34.121,1
50.141,42.141,1
27.7,8.0011,1
53.396,7.9354,1
57.425,7.2376,1
41.28,90.034,1
1.4764,96.931,1
70.276,39.131,1
50.675,31.359,1
38.127,55.331,1
6.4932,79.205,1
35.858,79.831,1
23.425,86.326,1
20.35,79.796,1
81.378,0.63764,1
39.343,91.99,1
5.3575,1.7962,1
37.505,2.9416,1
77.499,71.145,1
16.53,53.841,1
91.222,52.459,1
31.921,50.224,1
32.978,6.5672,1
20.424,23.004,1
76.721,11.704,1
6.9973,98.977,1
95.003,7.0516,1
15.821,6.0024,1
28.645,66.158,1
68.713,34.406,1
14.115,12.851,1
51.209,63.714,1
72.133,74.649,1
92.885,80.527,1
73.21,26.903,1
74.985,43.398,1
40.732,40.181,1
23.949,60.814,1
52.085,77.009,1
21.908,94.112,1
84.239,13.146,1
66.293,25.572,1
81.624,37.831,1
79.388,99.374,1
46.911,34.095,1
30.952,89.955,1
68.758,23.748,1
98.685,22,1
76.993,99.108,1
82.958,95.111,1
70.608,63.822,1
59.534,50.413,1
75.287,35.812,1
49.672,76.845,1
86.513,78.436,1
6.8028,2.8918,1
96.855,5.2441,1
9.8756,32.342,1
54.698,79.969,1
40.297,63.023,1
10.704,98.28,1
72.417,15.825,1
61.368,61.668,1
78.297,30.872,1
56.662,8.5079,1
81.132,87.683,1
57.678,59.07,1
94.403,30.312,1
87.145,16.807,1
50.76,33.988,1
78.882,6.7446,1
47.303,65.349,1
82.88,24.429,1
32.248,75.792,1
97.615,29.901,1
27.821,41.882,1
7.2831,5.5832,1
75.122,3.0856,1
83.119,18.658,1
92.234,27.091,1
32.702,6.6243,1
80.407,33.349,1
53.825,4.9906,1
46.329,10.131,1
82.075,7.187,1
95.191,90.451,1
7.6273,31.18,1
70.867,59.177,1
23.493,37.763,1
39.89,95.156,1
26.812,74.24,1
83.251,88.709,1
99.537,59.89,1
64.975,68.963,1
70.395,39.112,1
93.23,22.327,1
68.765,13.126,1
56.835,17.248,1
38.085,93.86,1
63.458,3.4482,1
36.323,87.956,1
40.762,52.233,1
36.87,80.825,1
46.84,44.758,1
50.341,34.654,1
91.054,75.715,1
20.643,36.021,1
33.86,55.661,1
57.413,88.872,1
48.693,84.016,1
26.222,24.403,1
57.959,43.562,1
87.833,82.855,1
6.095,15.27,1
44.088,75.795,1
8.4258,87.651,1
56.324,50.212,1
53.931,57.027,1
76.806,85.148,1
23.309,98.464,1
58.736,79.021,1
45.897,35.068,1
86.098,50.19,1
66.084,25.521,1
35.388,50.987,1
34.719,7.862,1
25.372,5.5899,1
95.253,63.499,1
29.82,61.69,1
15.841,8.1473,1
36.13,60.952,1
74.163,54.467,1
70.59,85.592,1
70.089,64.269,1
0.62258,27.163,1
37.435,10.675,1
90.15,6.0513,1
31.834,62.188,1
59.708,69.907,1
29.78,27.494,1
12.501,42.197,1
38.836,36.582,1
81.769,8.2159,1
98.118,6.977,1
86.199,12.089,1
8.3821,67.785,1
33.771,21.894,1
23.613,23.728,1
31.781,0.86346,1
98.445,72.711,1
54.825,56.103,1
74.925,55.197,1
84.185,74.225,1
16.689,82.463,1
90.31,39.339,1
10.512,13.594,1
74.509,19.574,1
72.937,72.03,1
71.747,66.963,1
13.343,5.985,1
44.579,38.428,1
50.879,49.124,1
53.049,77.416,1
85.972,14.781,1
67.772,48.553,1
80.584,7.1835,1
53.124,78.744,1
95.59,39.373,1
6.6677,23.616,1
54.152,8.0568,1
28.166,7.9005,1
48.09,92.743,1
68.486,20.472,1
20.826,95.658,1
60.816,33.974,1
32.618,95.997,1
88.085,34.315,1
13.339,6.3423,1
10.241,61.247,1
95.912,55.561,1
15.29,90.645,1
15.254,20.123,1
15.555,78.769,1
8.9569,34.772,1
45.442,97.215,1
66.89,83.605,1
83.13,71.181,1
79.024,21.49,1
71.271,1.5448,1
47.26,21.004,1
70.859,53.647,1
95.806,10.846,1
50.578,85.376,1
30.505,91.085,1
78.981,33.373,1
23.639,46.914,1
23.43,0.28969,1
46.47,31.091,1
61.939,48.522,1
61.533,26.217,1
12.262,68.311,1
12.379,91.119,1
28.446,57.05,1
73.573,26.528,1
41.131,92.847,1
82.898,6.4245,1
93.511,62.63,1
39.907,94.828,1
5.2211,51.639,1
57.119,95.67,1
74.767,27.202,1
32.024,52.699,1
49.293,91.119,1
22.165,21.469,1
93.927,82.679,1
48.231,13.833,1
54,43.775,1
22.106,87.528,1
9.5945,70.431,1
6.0165,49.702,1
81.951,60.96,1
77.148,7.7828,1
19.57,24.143,1
89.512,2.5784,1
68.43,84.648,1
65.685,1.4863,1
99.038,55.042,1
3.3692,11.967,1
42.425,58.795,1
48.998,62.221,1
58.35,74.702,1
8.327,30.993,1
66.015,91.65,1
5.2305,78.227,1
55.683,10.105,1
71.203,28.11,1
48.791,90.751,1
61.76,11.109,1
21.378,78.982,1
64.566,10.228,1
38.064,76.794,1
10.371,66.206,1
37.751,77.31,1
26.286,93.198,1
24.129,17.688,1
62.292,2.0422,1
52.293,83.364,1
41.324,47.319,1
21.779,10.865,1
85.855,8.9054,1
86.101,11.513,1
28.394,16.797,1
61.539,97.251,1
77.949,28.6,1
95.485,59.902,1
91.96,85.221,1
38.482,24.478,1
16.264,72.717,1
79.675,40.079,1
11.382,31.06,1
15.882,65.38,1
35.583,39.183,1
84.776,11.934,1
58.278,97.854,1
58.618,51.825,1
92.584,50.777,1
57.508,32.502,1
0.99774,19.727,1
80.938,86.289,1
60.881,26.787,1
47.991,53.868,1
26.844,55.147,1
25.81,96.326,1
48.101,26.958,1
22.734,26.572,1
4.8602,30.999,1
16.924,55.73,1
25.845,37.819,1
19.791,24.577,1
60.569,67.618,1
82.37,26.129,1
81.061,96.149,1
80.224,49.758,1
70.811,42.777,1
85.938,56.779,1
78.108,61.304,1
20.38,80.699,1
99.334,88.078,1
9.3625,15.998,1
65.062,8.9177,1
21.518,31.313,1
24.387,60.735,1
33.969,37.874,1
19.786,92.554,1
50.683,5.7013,1
95.076,99.402,1
39.461,66.696,1
58.446,61.715,1
60.654,14.789,1
71.464,2.8996,1
40.154,57.247,1
85.869,2.9982,1
92.048,71.153,1
75.084,21.404,1
28.559,25.519,1
79.682,95.859,1
14.277,18.189,1
50.455,79.846,1
61.069,4.0043,1
70.38,30.916,1
38.334,96.709,1
72.868,26.699,1
88.728,12.188,1
5.5848,60.738,1
13.822,64.535,1
86.306,87.442,1
42.175,89.733,1
41.131,5.3178,1
95.914,75.951,1
75.025,85.89,1
98.1,48.172,1
23.352,7.5096,1
9.6227,9.0721,1
38.458,20.022,1
50.027,77.829,1
57.026,40.728,1
97.663,82.704,1
49.286,14.797,1
40.088,73.291,1
99.499,14.989,1
26.1,83.843,1
66.532,54.537,1
96.426,96.117,1
67.115,7.5495,1
29.917,93.383,1
53.113,35.942,1
0.14632,6.693,1
88.379,96.593,1
40.438,64.945,1
30.121,42.062,1
95.058,59.644,1
46.065,34.709,1
28.765,21.763,1
8.4627,3.7841,1
58.218,15.343,1
15.307,37.338,1
7.3094,87.682,1
58.056,44.115,1
28.701,63.777,1
36.192,38.781,1
72.482,83.72,1
85.831,76.632,1
34.792,12.558,1
96.175,9.2661,1
95.357,66.032,1
20.604,37.767,1
76.824,10.779,1
61.553,62.381,1
91.892,62.16,1
60.254,91.163,1
70.214,60.613,1
74.367,48.535,1
38.51,57.674,1
25.15,98.21,1
3.676,51.857,1
47.212,34.87,1
64.507,98.287,1
27.897,99.201,1
51.786,89.616,1
24.567,74.158,1
29.751,66.474,1
65.047,73.336,1
89.139,43.592,1
86.111,39.963,1
20.992,21.789,1
39.909,88.163,1
88.788,94.207,1
25.653,94.895,1
96.68,10.644,1
61.916,5.7975,1
16.535,16.372,1
82.62,52.747,1
65.569,6.9748,1
54.645,1.0146,1
25.133,9.168,1
4.0156,60.744,1
23.338,5.6085,1
36.111,65.81,1
63.346,57.582,1
98.61,7.3835,1
20.716,24.157,1
75.708,35.12,1
88.633,12.674,1
47.223,73.941,1
15.891,44.568,1
81.092,1.7612,1
47.651,68.171,1
11.629,88.083,1
87.572,13.982,1
63.519,81.085,1
9.7281,25.286,1
90.844,2.4386,1
3.5016,53.072,1
3.975,93.485,1
98.857,76.933,1
68.618,40.475,1
37.669,71.781,1
50.432,48.132,1
76.35,44.118,1
4.8875,94.236,1
72.593,57.878,1
70.133,78.361,1
45.889,71.481,1
58.229,14.217,1
33.909,69.292,1
17.063,39.365,1
39.919,12.777,1
91.978,64.09,1
22.605,49.751,1
36.101,6.3973,1
32.456,52.354,1
8.3582,31.454,1
51.267,85.489,1
83.286,0.90151,1
90.461,20.259,1
72.36,88.06,1
38.3,21.805,1
29.802,31.769,1
69.171,34.396,1
88.046,80.008,1
92.455,57.108,1
8.1253,81.324,1
48.267,8.618,1
12.827,19.214,1
25.291,62.95,1
88.396,6.3863,1
19.628,74.296,1
12.135,60.34,1
54.369,79.844,1
31.462,16.059,1
38.204,73.793,1
79.154,75.704,1
83.918,88.131,1
68.024,42.924,1
41.692,18.748,1
64.289,30.303,1
21.408,32.076,1
61.727,44.201,1
67.519,36.188,1
60.102,62.56,1
34.631,93.883,1
36.44,28.69,1
17.148,24.46,1
79.536,92.085,1
49.267,92.622,1
35.462,30.994,1
77.506,7.6475,1
23.68,78.088,1
84.483,13.075,1
81.653,46.148,1
84.623,44.017,1
37.019,60.5,1
38.323,12.702,1
86.133,59.904,1
46.391,13.213,1
57.055,11.534,1
69.531,44.107,1
96.092,27.11,1
54.631,94.411,1
63.658,51.664,1
57.089,44.529,1
92.711,30.859,1
86.377,46.96,1
16.984,77.944,1
17.87,16.881,1
24.35,2.2451,1
75.178,70.873,1
19.913,60.515,1
98.294,41.368,1
70.964,91.477,1
17.544,47.718,1
85.83,91.622,1
90.941,49.691,1
96.166,92.755,1
57.06,70.365,1
56.288,69.464,1
17.666,0.45936,1
51.368,54.022,1
54.847,41.297,1
16.528,62.813,1
49.389,54.354,1
53.512,21.6,1
19.881,55.21,1
62.317,86.275,1
2.6315,0.49393,1
31.879,12.508,1
53.3,77.507,1
32.677,2.0386,1
60.219,14.263,1
36.193,32.041,1
13.492,90.475,1
91.381,61.416,1
64.056,1.5898,1
65.877,31.139,1
67.533,19.277,1
74.456,27.547,1
84.218,2.671,1
51.666,83.064,1
15.187,76.428,1
38.066,72.116,1
82.102,82.272,1
17.136,76.454,1
32.998,12.057,1
96.647,38.433,1
80.629,2.7923,1
22.219,0.13045,1
99.977,0.6998,1
6.3739,16.778,1
42.548,15.044,1
40.434,51.549,1
40.029,41.888,1
11.192,59.381,1
42.431,27.698,1
61.355,59.283,1
98.806,58.514,1
21.99,12.159,1
35.408,7.8594,1
26.624,3.2066,1
29.15,16.817,1
18.839,52.417,1
2.286,84.137,1
44.94,30.641,1
24.364,19.116,1
86.873,6.5119,1
52.861,94.601,1
91.414,24.477,1
97.393,62.54,1
58.543,20.667,1
11.898,24.174,1
92.653,74.341,1
59.356,15.6,1
88.362,82.317,1
42.448,9.3985,1
60.726,97.98,1
7.0764,65.322,1
92.477,28.411,1
64.208,86.723,1
10.45,3.014,1
70.023,76.094,1
39.58,89.618,1
8.4905,61.887,1
21.448,72.075,1
24.88,46.385,1
22.665,75.889,1
70.3,0.7142,1
75.415,19.349,1
54.729,9.1452,1
55.348,16.793,1
63.057,94.225,1
98.546,84.943,1
63.428,13.728,1
60.046,66.073,1
90.919,3.849,1
57.084,14.816,1
33.542,18.476,1
95.714,64.536,1
43.992,85.655,1
60.154,85.338,1
72.026,49.404,1
67.878,78.088,1
21.276,27.465,1
8.1623,96.738,1
27.448,99.053,1
86.752,8.4449,1
55.936,32.979,1
46.463,26.83,1
43.03,21.592,1
77.399,76.702,1
65.392,36.505,1
65.773,15.402,1
16.102,16.502,1
43.238,89.336,1
50.509,94.579,1
37.533,51.747,1
48.037,1.8373,1
34.242,41.931,1
77.715,12.209,1
38.394,95.185,1
71.156,27.018,1
48.093,89.365,1
72.918,89.519,1
93.756,77.553,1
51.725,90.882,1
90.307,1.668,1
21.819,95.929,1
87.322,7.5253,1
8.2693,28.513,1
46.54,48.812,1
2.193,97.057,1
80.828,56.811,1
17.921,27.397,1
16.539,12.908,1
18.16,15.519,1
69.144,26.881,1
21.376,43.389,1
29.81,39.59,1
76.834,42.525,1
50.115,61.439,1
90.946,44.681,1
5.7853,1.2023,1
43.675,3.4271,1
57.225,39.877,1
56.507,97.945,1
82.382,54.277,1
12.61,91.239,1
30.012,32.416,1
0.2122,29.052,1
95.111,87.897,1
76.63,77.914,1
75.13,39.441,1
13.886,88.233,1
34.932,42.567,1
15.134,46.638,1
49.672,42.493,1
80.865,45.521,1
63.287,69.542,1
68.84,9.5578,1
63.957,73.346,1
72.932,13.002,1
85.985,49.653,1
62.696,25.966,1
18.059,59.167,1
57.331,22.762,1
16.357,95.512,1
90.605,6.301,1
7.7343,18.325,1
33.853,62.424,1
58.062,29.141,1
47.524,13.719,1
80.532,18.893,1
53.078,95.662,1
22.731,29.661,1
70.948,23.72,1
14.863,66.016,1
65.812,0.4296,1
63.398,7.8168,1
22.931,30.958,1
18.223,22.397,1
16.635,69.529,1
14.961,70.023,1
20.275,85.182,1
95.496,55.906,1
1.5908,57.033,1
95.751,53.092,1
2.5692,85.889,1
97.111,44.635,1
29.76,38.338,1
52.507,59.536,1
86.234,30.504,1
89.64,10.111,1
18.901,37.194,1
66.072,22.216,1
94.123,64.323,1
97.571,77.666,1
10.794,43.003,1
17.89,62.106,1
74.655,27.907,1
4.9469,47.805,1
7.1285,31.474,1
48.913,82.717,1
84.989,74.316,1
99.704,14.431,1
0.43926,6.8265,1
54.261,53.214,1
86.135,74.396,1
90.914,83.573,1
84.535,72.066,1
87.887,88.762,1
74.618,16.285,1
11.749,20.124,1
50.902,88.196,1
16.883,46.196,1
83.111,18.705,1
92.801,72.488,1
16.948,88.355,1
88.374,79.801,1
38.786,84.297,1
38.257,53.805,1
27.145,20.959,1
86.788,53.045,1
74.15,84.33,1
44.787,21.534,1
70.964,71.673,1
94.433,86.267,1
17.412,47.126,1
24.46,46.05,1
64.093,94.253,1
80.861,62.834,1
85.337,80.639,1
39.812,40.154,1
11.549,32.139,1
8.0281,37.881,1
36.047,71.897,1
82.891,19.306,1
21.461,48.999,1
79.104,12.077,1
65.469,13.992,1
2.6146,94.72,1
78.578,63.094,1
92.256,43.866,1
49.231,70.776,1
83.401,52.965,1
13.135,65.243,1
75.978,77.818,1
92.574,61.802,1
83.271,50.209,1
25.94,48.537,1
21.302,11.015,1
52.231,91.655,1
39.736,43.262,1
47.911,42.7,1
99.39,2.9286,1
60.448,51.043,1
94.491,96.37,1
49.044,27.535,1
43.795,74.341,1
77.266,11.68,1
74.407,76.933,1
44.29,76.572,1
5.3,54.077,1
8.7822,16.932,1
79.799,93.012,1
65.558,20.821,1
3.2336,1.9761,1
55.707,60.161,1
71.98,60.737,1
11.041,46.885,1
21.665,59.631,1
81.102,72.346,1
13.866,40.811,1
88.19,59.761,1
92.356,42.571,1
1.2756,12.184,1
37.716,34.995,1
16.781,54.675,1
54.022,12.71,1
10.166,8.1497,1
3.9268,28.946,1
93.323,67.682,1
97.159,45.704,1
36.093,49.922,1
64.421,5.8478,1
6.7947,7.3606,1
20.791,33.788,1
3.9604,33.607,1
46.936,98.496,1
15.01,75.166,1
99.131,64.653,1
42.706,88.287,1
95.537,51.189,1
72.425,37.62,1
58.089,88.376,1
54.026,24.576,1
70.544,16.4,1
0.50289,65.86,1
78.252,25.562,1
92.686,15.76,1
0.82957,27.661,1
82.463,29.871,1
76.734,0.59043,1
99.714,22.865,1
22.765,67.012,1
91.954,98.167,1
64.2,25.615,1
10.532,61.917,1
26.816,97.183,1
76.384,49.217,1
80.551,30.103,1
10.425,59.71,1
46.976,54.338,1
21.906,12.977,1
92.271,55.222,1
32.032,14.906,1
85.754,25.855,1
25.985,52.871,1
87.806,81.338,1
18.827,71.853,1
75.919,50.082,1
3.1689,89.398,1
64.234,95.072,1
56.687,46.236,1
37.641,28.76,1
21.255,92.637,1
79.216,49.633,1
14.544,87.733,1
48.914,21.324,1
1.2846,11.44,1
18.661,12.432,1
48.523,57.41,1
83.823,46.637,1
14.106,37.404,1
73.222,75.462,1
69.107,45.56,1
3.4493,70.603,1
48.886,92.951,1
97.139,82.047,1
11.245,3.9848,1
74.321,96.619,1
63.854,88.797,1
59.418,63.877,1
49.862,1.0954,1
56.785,97.726,1
42.65,38.553,1
7.6239,39.966,1
29.059,51.029,1
56.134,55.163,1
63.333,95.889,1
93.078,85.54,1
97.777,47.671,1
9.3597,87.782,1
66.173,38.988,1
60.277,4.9163,1
47.382,30.743,1
35.626,32.021,1
47.558,46.13,1
67.102,48.813,1
95.965,70.674,1
8.9084,36.73,1
79.774,94.144,1
59.078,26.819,1
91.22,74.54,1
10.113,90.907,1
29.329,58.455,1
5.1588,90.65,1
50.413,5.6683,1
76.838,55.674,1
28.299,0.29614,1
22.536,15.316,1
33.129,40.749,1
45.325,23.345,1
73.738,53.531,1
50.989,31.161,1
38.251,70.863,1
90.548,58.706,1
96.526,23.919,1
62.827,6.4059,1
13.203,0.33692,1
61.83,18.907,1
38.302,49.12,1
99.119,61.647,1
28.683,12.278,1
70.619,13.303,1
53.521,31.418,1
19.321,8.7855,1
68.944,40.879,1
5.0455,28.232,1
18.443,63.059,1
4.5658,21.976,1
88.504,65.425,1
83.979,19.347,1
11.816,9.46,1
41.041,91.836,1
12.023,55.824,1
57.209,41.764,1
94.939,11.045,1
25.639,55.274,1
98.987,11.128,1
34.981,23.602,1
20.852,13.865,1
66.583,32.824,1
97.334,34.644,1
62.27,92.876,1
6.3538,88.832,1
37.351,79.004,1
16.625,7.447,1
23.128,41.98,1
5.2209,39.672,1
90.176,41.293,1
79.329,97.395,1
37.301,23.79,1
83.205,10.858,1
75.383,80.003,1
62.186,4.4813,1
39.409,95.996,1
35.928,80.164,1
8.8852,96.06,1
34.168,76.575,1
54.867,60.823,1
46.055,98.904,1
64.545,56.256,1
51.352,49.589,1
81.443,25.304,1
9.7183,19.596,1
46.371,49.273,1
58.982,71.088,1
18.717,98.762,1
61.133,33.462,1
5.1942,22.017,1
57.573,34.528,1
84.234,9.1606,1
49.973,63.16,1
43.902,37.819,1
14.906,88.736,1
2.8279,42.653,1
75.667,89.077,1
79.611,22.423,1
29.356,79.693,1
11.521,85.828,1
37.509,42.71,1
82.889,58.886,1
84.178,9.1699,1
66.524,25.058,1
96.014,59.377,1
94.312,52.058,1
11.27,91.405,1
64.829,66.329,1
48.08,49.965,1
6.6521,63.48,1
89.777,8.636,1
49.723,4.0807,1
77.13,75.156,1
6.0362,32.376,1
26.246,6.6491,1
65.107,92.326,1
13.36,5.4361,1
63.855,6.7943,1
38.494,57.353,1
76.57,43.92,1
65.292,2.7369,1
38.149,4.9699,1
30.002,23.855,1
34.014,12.73,1
91.893,63.033,1
45.627,47.641,1
44.25,11,1
45.419,43.543,1
94.528,90.188,1
21.912,56.583,1
88.24,73.064,1
1.9875,98.096,1
34.176,58.821,1
76.603,50.316,1
34.28,53.159,1
61.881,60.629,1
45.302,76.432,1
1.0163,60.062,1
59.908,72.259,1
60.157,43.521,1
64.942,64.652,1
34.272,17.67,1
49.33,87.648,1
70.177,25.169,1
88.78,35.648,1
5.5058,30.335,1
9.8362,96.776,1
64.978,19.229,1
76.407,9.7864,1
98.796,69.379,1
12.532,9.6024,1
36.448,19.939,1
67.623,60.705,1
37.576,70.971,1
86.346,89.053,1
29.198,60.264,1
13.347,86.245,1
67.265,67.596,1
20.258,78.5,1
86.852,53.665,1
75.116,0.44474,1
41.938,19.861,1
0.023107,43.872,1
14.946,55.829,1
27.383,38.513,1
87.243,64.686,1
60.125,58.567,1
32.119,76.633,1
28.429,17.463,1
43.532,50.311,1
90.376,38.267,1
92.511,97.72,1
50.529,93.608,1
62.758,89.274,1
71.926,44.353,1
2.3913,75.153,1
57.493,90.94,1
4.6534,37.332,1
42.253,11.629,1
46.773,52.512,1
2.2628,34.113,1
6.5074,84.94,1
92.396,18.623,1
53.414,20.874,1
36.68,53.043,1
36.395,8.4285,1
15.137,24.077,1
14.961,63.455,1
35.08,11.108,1
33.597,60.734,1
78.403,88.976,1
48.674,49.069,1
46.48,31.351,1
13.125,76.214,1
88.639,95.453,1
67.456,64.588,1
83.516,48.532,1
65.649,43.818,1
98.392,18.638,1
97.979,44.313,1
25.015,48.812,1
62.457,86.113,1
72.824,71.646,1
49.817,62.033,1
84.983,8.9774,1
19.092,11.176,1
12.414,57.559,1
0.27904,46.166,1
15.295,54.545,1
53.416,3.8012,1
51.063,57.929,1
38.522,62.898,1
31.06,48.193,1
0.35554,16.053,1
81.524,75.438,1
63.842,79.35,1
44.834,29.137,1
24.409,50.761,1
80.339,23.799,1
82.397,19.268,1
85.219,80.87,1
46.725,6.6673,1
97.07,19.586,1
84.124,97.478,1
7.8548,57.509,1
23.76,58.321,1
81.757,95.002,1
40.583,10.004,1
46.631,87.873,1
95.154,89.145,1
96.501,21.404,1
76.528,16.695,1
57.453,64.613,1
91.593,18.034,1
49.543,11.655,1
16.601,36.533,1
32.6,40.238,1
29.644,8.981,1
55.83,68.377,1
6.7477,54.689,1
6.8978,98.596,1
16.678,21.275,1
94.744,91.899,1
81.109,66.516,1
71.046,74.348,1
97.025,37.846,1
99.843,47.477,1
98.745,10.626,1
15.009,88.378,1
95.848,44.51,1
53.046,66.823,1
7.4087,72.822,1
31.182,28.564,1
89.517,59.369,1
83.477,37.053,1
0.23488,79.564,1
64.021,7.3534,1
80.318,99.274,1
24.513,77.603,1
6.4122,0.73705,1
26.315,88.895,1
10.272,86.412,1
48.372,69.759,1
41.888,88.499,1
38.129,46.564,1
88.677,37.156,1
42.056,8.3022,1
28.385,99.722,1
4.8181,86.983,1
21.917,0.0070261,1
23.918,67.998,1
2.9258,65.488,1
70.231,41.181,1
0.76356,47.637,1
61.092,38.827,1
40.809,45.206,1
24.895,2.676,1
65.246,42.529,1
32.028,10.581,1
10.367,4.3111,1
53.556,55.612,1
16.487,61.129,1
88.344,73.883,1
66.646,25.692,1
84.774,72.626,1
76.266,71.325,1
80.701,50.376,1
63.295,89.277,1
71.043,77.939,1
68.866,49.486,1
32.095,76.151,1
53.165,66.704,1
87.319,97.811,1
5.454,11.707,1
50.04,86.932,1
43.276,56.786,1
90.428,12.015,1
63.018,97.033,1
98.304,83.997,1
58.52,6.2317,1
84.064,27.807,1
46.881,40.963,1
54.522,62.681,1
17.91,91.91,1
63.446,41.515,1
96.296,71.15,1
53.401,97.087,1
47.961,43.547,1
79.367,63.538,1
9.2714,90.156,1
88.08,87.158,1
0.38735,14.272,1
51.153,20.06,1
67.846,62.093,1
56.575,77.503,1
47.846,24.681,1
32.051,36.945,1
60.158,34.11,1
91.315,45.639,1
68.252,17.082,1
94.673,74.561,1
9.9089,9.7978,1
51.103,89.027,1
11.013,8.2094,1
54.526,78.152,1
68.879,84.868,1
14.742,45.088,1
77.756,60.533,1
39.905,35.447,1
89.83,75.91,1
30.704,58.944,1
6.1051,61.157,1
21.947,84.317,1
8.2833,45.699,1
95.04,88.279,1
1.6371,49.357,1
11.467,62.285,1
1.241,56.217,1
21.623,72.166,1
1.1428,54.677,1
64.245,78.444,1
51.699,44.635,1
24.554,91.191,1
19.375,8.6587,1
9.0871,99.894,1
36.844,72.758,1
0.77929,55.841,1
60.27,14.282,1
47.885,83.764,1
30.812,72.525,1
74.444,41.738,1
83.935,27.317,1
26.243,31.471,1
51.424,58.17,1
44.677,68.936,1
34.121,86.387,1
83.914,21.086,1
98.249,50.675,1
62.646,42.505,1
18.128,23.97,1
12.302,75.752,1
57.997,79.191,1
32.854,38.588,1
26.819,31.805,1
55.024,48.093,1
18.052,27.851,1
67.849,15.804,1
5.5688,39.541,1
3.4057,28.546,1
28.652,24.305,1
7.739,64.252,1
90.057,95.692,1
84.661,18.634,1
39.57,90.952,1
16.922,56.874,1
43.045,19.352,1
41.622,70.424,1
72.876,65.158,1
40.647,33.19,1
95.181,52.157,1
91.199,2.4763,1
95.141,2.2273,1
34.6,79.852,1
29.024,10.781,1
88.67,68.881,1
21.003,77.503,1
13.088,79.149,1
52.052,70.947,1
90.546,94.654,1
40.253,29.802,1
21.576,99.582,1
7.8739,55.445,1
93.306,65.609,1
60.287,94.535,1
37.749,22.464,1
66.493,98.152,1
79.219,17.062,1
33.349,94.106,1
69.266,95.696,1
20.382,17.501,1
95.871,5.431,1
71.183,26.821,1
16.691,54.601,1
44.278,77.519,1
63.299,60.376,1
92.997,31.61,1
52.933,43.335,1
62.647,84.278,1
68.082,62.613,1
92.32,27.255,1
15.283,51.453,1
40.572,88.84,1
31.248,17.43,1
69.39,82.007,1
89.069,18.119,1
49.067,9.7264,1
80.582,3.1315,1
32.644,1.0176,1
54.988,96.745,1
38.878,88.804,1
89.683,4.9685,1
67.612,67.021,1
82.84,97.662,1
11.009,22.027,1
27.923,8.4059,1
76.764,35.886,1
21.606,73.318,1
3.4062,60.214,1
43.655,45.137,1
93.686,91.28,1
26.209,0.31773,1
56.975,51.008,1
35.955,14.446,1
2.6839,50.465,1
50.042,56.821,1
82.701,64.217,1
25.898,20.693,1
4.5885,34.019,1
24.647,32.747,1
66.073,61.496,1
32.941,59.119,1
65.95,68.792,1
1.3004,16.644,1
71.807,65.223,1
39.112,76.864,1
3.3505,39.577,1
40.602,39.626,1
71.631,69.212,1
92.134,23.767,1
98.402,94.888,1
98.342,13.575,1
89.631,51.152,1
86.57,4.1431,1
80.096,31.241,1
55.498,32.177,1
41.887,94.832,1
12.712,20.734,1
65.462,48.934,1
86.396,44.468,1
27.46,82.085,1
84.016,1.748,1
7.0755,78.852,1
37.879,54.079,1
26.817,4.5476,1
15.292,51.385,1
63.1,44.562,1
31.637,49.136,1
95.911,65.989,1
49.867,50.537,1
73.861,74.186,1
1.2756,94.385,1
60.535,79.933,1
57.645,43.773,1
80.738,9.0313,1
65.497,93.357,1
87.823,37.838,1
90.237,75.892,1
15.223,80.379,1
19.258,80.424,1
79.098,59.579,1
6.0705,32.499,1
38.983,74.835,1
29.997,47.647,1
73.418,51.559,1
10.421,48.009,1
79.258,42.402,1
78.273,17.602,1
53.24,28.056,1
25.335,87.767,1
7.0955,87.386,1
62.58,48.959,1
2.4681,60.628,1
6.2042,71.769,1
12.961,14.002,1
45.061,58.305,1
67.234,19.5,1
85.611,6.3338,1
49.845,6.3902,1
4.8785,93.987,1
31.383,52.018,1
64.163,15.012,1
78.639,64.659,1
28.915,58.378,1
49.787,31.233,1
81.843,67.214,1
59.513,39.706,1
53.642,21.952,1
33.087,24.082,1
41.169,38.638,1
79.401,3.3501,1
34.321,34.672,1
46.261,55.204,1
36.782,55.844,1
67.957,6.6815,1
56.778,58.194,1
65.178,47.586,1
49.111,66.194,1
39.846,78.61,1
47.748,19.003,1
6.6588,96.151,1
41.103,53.506,1
96.909,91.452,1
78.072,64.566,1
72.902,15.347,1
76.565,5.2182,1
75.658,1.5051,1
84.327,19.636,1
77.016,52.771,1
97.866,14.767,1
11.136,7.3134,1
39.608,55.484,1
49.206,98.128,1
25.809,16.286,1
3.6966,15.66,1
97.438,16.367,1
72.643,7.849,1
14.796,71.84,1
14.789,44.627,1
70.482,51.012,1
38.099,60.514,1
7.6411,88.307,1
41.084,12.192,1
14.299,29.026,1
79.892,6.2342,1
93.025,14.353,1
0.47195,6.7965,1
65.004,18.509,1
67.853,76.868,1
25.362,89.768,1
84.318,51.827,1
29.396,84.463,1
2.686,22.876,1
9.3307,42.837,1
79.788,36.829,1
71.14,69.605,1
78.341,94.438,1
62.392,21.789,1
82.542,75.3,1
3.5023,51.984,1
40.547,76.007,1
24.967,88.087,1
48.09,23.748,1
88.084,93.969,1
28.068,2.7152,1
59.914,56.151,1
2.6226,89.045,1
15.52,16.699,1
83.391,42.524,1
19.489,32.69,1
82.979,56.759,1
33.807,82.699,1
67.112,39.168,1
5.2366,62.135,1
73.431,96.515,1
49.948,82.847,1
94.33,81.34,1
28.977,95.509,1
37.656,18.312,1
11.376,67.043,1
96.485,73.56,1
43.251,81.955,1
8.4563,68.102,1
71.668,33.006,1
50.679,3.4692,1
32.809,12.019,1
75.352,28.371,1
83.601,83.824,1
25.372,90.135,1
53.443,44.995,1
43.517,98.854,1
15.77,3.3789,1
60.048,85.945,1
93.745,52.856,1
10.776,97.546,1
89.998,87.722,1
55.046,16.134,1
42.736,35.338,1
15.238,5.8007,1
24.755,44.412,1
44.737,44.109,1
53.278,32.67,1
35.465,91.44,1
77.311,49.456,1
88.168,71.024,1
73.409,66.464,1
40.643,83.178,1
60.418,25.804,1
64.111,76.924,1
12.747,41.057,1
49.619,5.5657,1
31.047,87.065,1
57.857,97.23,1
94.361,11.698,1
42.694,50.831,1
3.3128,75.557,1
92.943,10.999,1
92.498,3.3864,1
35.831,44.11,1
25.999,12.978,1
78.686,97.16,1
51.158,94.015,1
56.253,93.312,1
68.479,98.376,1
9.2397,69.304,1
87.258,70.248,1
94.294,37.131,1
9.6594,6.4106,1
84.588,44.345,1
90.94,54.299,1
1.1341,54.016,1
52.368,78.628,1
65.035,60.141,1
38.515,94.701,1
64.93,63.122,1
76.285,87.884,1
57.569,12.269,1
63.192,81.355,1
27.82,97.76,1
83.984,23.124,1
42.683,91.274,1
63.162,67.637,1
83.347,72.507,1
27.019,68.579,1
40.08,79.672,1
55.425,52.963,1
44.387,75.464,1
9.0384,50.355,1
74.438,90.704,1
3.2615,12.361,1
42.974,85.223,1
3.7262,17.505,1
97.58,76.417,1
52.234,45.933,1
90.963,60.606,1
38.325,36.404,1
88.445,40.195,1
25.502,73.007,1
90.905,95.513,1
89.456,87.88,1
39.852,60.973,1
62.502,96.777,1
56.76,63.414,1
89.451,77.726,1
21.417,89.85,1
0.38592,22.657,1
88.058,10.127,1
23.512,82.826,1
24.486,42.447,1
64.092,72.71,1
30.452,93.675,1
82.562,29.653,1
88.369,31.22,1
94.537,54.97,1
39.08,55.258,1
80.132,64.04,1
15.711,59.665,1
62.517,16.117,1
69.899,41.791,1
8.5869,36.906,1
53.118,8.0265,1
88.857,23.631,1
26.367,99.434,1
23.479,90.93,1
83.966,79.079,1
49.554,13.515,1
15.237,55.034,1
23.077,5.3838,1
65.795,67.655,1
56.295,82.228,1
29.183,91.14,1
62.23,14.721,1
71.591,30.486,1
28.073,77.987,1
41.227,48.723,1
36.221,54.917,1
78.139,87.822,1
13.549,98.829,1
90.207,1.9152,1
28.964,35.132,1
49.956,53.465,1
78.359,74.782,1
67.706,97.001,1
14.981,69.514,1
69.662,27.327,1
12.901,95.114,1
94.595,90.767,1
88.641,45.742,1
51.5,73.317,1
67.941,55.824,1
97.679,99.389,1
12.546,38.93,1
75.224,88.168,1
82.705,89.327,1
78.143,38.6,1
19.088,72.755,1
42.864,91.265,1
1.4457,90.413,1
32.529,8.1452,1
13.47,3.3342,1
45.052,57.241,1
57.227,0.92902,1
79.202,19.833,1
41.974,2.068,1
53.254,79.227,1
92.57,19.083,1
89.908,95.208,1
54.483,77.023,1
90.112,81.657,1
5.1827,42.605,1
80.86,30.022,1
33.49,68.029,1
22.868,85.852,1
82.24,87.179,1
34.823,89.706,1
16.547,84.359,1
2.8134,48.515,1
95.537,48.854,1
68.029,6.5334,1
86.056,45.698,1
93.909,59.556,1
68.019,11.008,1
91.742,34.378,1
25.669,26.407,1
88.562,58.018,1
92.004,43.539,1
30.006,41.51,1
7.3391,5.4213,1
76.74,25.97,1
8.4952,24.418,1
72.876,70.91,1
44.789,65.885,1
65.125,11.918,1
16.95,12.922,1
53.145,7.7969,1
63.38,73.524,1
1.4096,55.615,1
47.037,83.437,1
88.633,10.612,1
11.403,25.656,1
44.254,5.4124,1
65.955,65.655,1
29.477,27.744,1
95.037,70.913,1
69.429,13.03,1
20.681,52.4,1
55.476,4.589,1
87.928,10.131,1
55.786,46.894,1
75.233,71.065,1
89.49,60.135,1
84.184,20.492,1
13.086,61.879,1
18.915,69.915,1
15.364,31.483,1
2.8902,80.479,1
0.90849,17.802,1
59.645,24.131,1
60.905,59.473,1
91.892,86.823,1
73.357,81.867,1
30.115,59.008,1
49.557,0.22878,1
25.816,94.453,1
73.285,79.248,1
11.676,39.933,1
74.604,87.345,1
80.979,67.44,1
74.523,24.237,1
33.714,16.844,1
58.432,86.112,1
46.895,32.664,1
8.7265,32.515,1
82.872,40.017,1
68.594,76.351,1
26.733,16.407,1
96.948,68.829,1
18.377,64.332,1
29.994,82.135,1
41.118,37.855,1
23.649,11.19,1
19.506,85.948,1
70.538,71.318,1
18.055,57.501,1
52.233,74.114,1
29.617,75.367,1
46.278,55.509,1
92.523,80.091,1
21.589,67.035,1
0.10089,53.511,1
90.661,68.593,1
68.004,95.518,1
51.495,62.775,1
52.207,81.913,1
10.292,18.897,1
99.688,75.148,1
35.897,22.158,1
62.524,41.645,1
39.337,79.087,1
0.76624,39.996,1
54.528,4.5109,1
50.911,20.105,1
24.678,4.2863,1
4.5395,63.916,1
84.173,25.176,1
4.825,41.988,1
31.632,17.184,1
78.342,88.446,1
97.24,34.101,1
58.646,20.512,1
77.804,79.539,1
72.77,2.447,1
65.099,3.978,1
66.462,52.982,1
93.878,93.337,1
53.508,60.221,1
39.844,60.118,1
67.046,64.387,1
44.053,92.193,1
13.287,21.926,1
43.92,88.49,1
54.764,4.8822,1
39.514,81.204,1
39.827,3.2592,1
75.135,41.504,1
52.235,59.467,1
49.043,19.68,1
8.8679,79.609,1
25.085,21.099,1
44.756,17.441,1
63.796,61.384,1
70.945,94.106,1
99.262,66.156,1
93.219,21.49,1
9.2229,91.359,1
95.354,38.02,1
16.28,3.4982,1
97.046,22.735,1
59.701,90.689,1
24.023,86.899,1
7.0295,58.247,1
30.004,56.079,1
81.354,0.10886,1
7.671,12.686,1
35.447,21.464,1
13.201,82.682,1
15.818,38.761,1
6.2147,31.808,1
70.184,26.178,1
8.6482,29.652,1
61.679,42.818,1
17.377,19.241,1
65.14,56.748,1
49.87,65.767,1
28.451,68.558,1
83.056,35.374,1
81.836,95.679,1
93.817,24.374,1
0.03261,74.827,1
64.039,39.023,1
0.73557,84.476,1
10.642,37.198,1
10.679,70.761,1
36.711,34.566,1
23.961,87.716,1
34.614,75.053,1
24.962,43.443,1
38.706,40.066,1
42.104,37.294,1
64.008,44.325,1
78.755,38.031,1
26.999,7.2712,1
84.398,44.028,1
74.047,60.653,1
82.61,30.478,1
18.219,40.664,1
6.5436,10.101,1
61.035,47.688,1
70.155,29.241,1
11.162,1.6283,1
9.5824,88.442,1
59.783,21.031,1
81.223,68.364,1
81.458,15.439,1
8.9437,97.432,1
73.128,50.266,1
90.386,89.141,1
45.223,72.649,1
7.0688,49.718,1
24.128,60.721,1
73.187,34.929,1
4.0492,52.621,1
42.452,79.692,1
54.022,27.368,1
95.383,29.268,1
20.891,34.815,1
11.633,87.597,1
64.622,9.3319,1
10.841,20.668,1
98.35,30.276,1
24.834,35.152,1
60.636,72.675,1
81.67,88.633,1
83.005,5.1926,1
48.904,7.8559,1
76.073,1.4486,1
91.511,19.334,1
90.097,2.6289,1
21.424,46.877,1
54.706,24.338,1
78.471,91.992,1
19.444,71.583,1
74.689,48.865,1
47.556,7.8074,1
58.326,53.007,1
26.055,66.605,1
8.4822,60.771,1
29.813,41.955,1
91.713,11.08,1
47.052,81.661,1
26.947,24.93,1
76.297,50.918,1
77.217,80.413,1
2.13,50.983,1
87.999,30.27,1
79.817,86.193,1
32.417,5.7394,1
66.904,73.076,1
29.629,90.088,1
92.995,46.404,1
28.196,46.936,1
